111 4
113 234
112 234
116 36
114 34
115 45
117 2
124 4
123 3
122 2
121 14
126 5
125 6
127 256
133 3
137 345
131 45
135 3
134 4
136 36
132 3
144 46
141 45
147 35
146 4
145 4
143 4
142 4
154 3
152 4
151 4
157 345
153 2
155 45
156 256
162 4
166 6
164 4
163 23
161 46
165 2456
167 236
174 34
173 4
177 4
172 2
171 4
176 3
175 5
215 245
214 4
212 24
213 1235
217 5
211 1235
216 5
224 3
223 4
221 4
225 3457
227 345
222 3
226 356
234 4
235 3
233 3
232 2
237 236
236 37
231 3
243 4
245 4
242 2
247 4
246 4
241 4
244 4
254 245
251 4
255 45
252 2
253 2
257 25
256 15
262 23
264 3
263 4
265 256
266 4
261 4
267 3
274 3
273 4
272 235
275 25
271 2
277 2
276 3
315 4
314 256
313 3
316 36
311 3456
312 1235
317 3
326 236
323 3
324 4
325 2456
321 3
322 2
327 2346
334 25
335 4
333 4
332 145
331 4
336 3
337 3
343 3
345 345
342 4
346 4
344 4
347 4
341 4
354 4
353 3
355 5
356 5
351 2
357 5
352 2
362 4
364 2
366 3
363 3
365 2346
361 23
367 2
373 4
374 2
375 4
372 4
376 346
377 4
371 4
415 6
413 256
412 4
416 5
414 4
417 45
411 5
426 5
422 4
424 4
423 4
425 6
427 4
421 4
434 4
436 346
435 4
432 4
437 5
433 3
431 4
443 25
446 5
442 3
445 36
441 34
447 45
444 4
452 245
453 4
456 4
454 4
451 3
455 5
457 4
462 3
464 4
466 4
463 2
465 4
461 4
467 4
473 2
475 236
476 4
472 3
474 4
471 34
477 3
515 4
513 4
514 6
516 4
512 245
511 4
517 4
526 4
525 5
524 6
523 2456
522 5
527 56
521 6
534 4
535 5
533 3
532 3
537 6
531 3
536 6
545 5
543 345
542 4
546 4
544 4
541 4
547 4
553 4
554 36
555 4
556 347
552 5
551 5
557 4
565 5
562 256
564 4
563 2346
566 6
567 5
561 2456
573 4
574 236
575 5
572 25
577 2345
576 3567
571 5
615 4
614 5
616 356
613 36
617 6
611 6
612 5
624 5
623 236
626 56
625 4
622 4
627 4
621 5
634 346
633 34
637 4
636 6
635 6
631 36
632 37
643 4
645 4
641 4
642 4
646 6
647 4
644 4
654 4
655 5
656 6
653 5
651 256
657 5
652 15
664 5
665 4
663 1345
666 5
661 345
667 4
662 235
674 4
673 346
676 46
675 3567
671 3
677 3567
672 3
714 45
715 4
717 4
712 5
711 4
713 3
716 6
726 4
724 4
722 2
727 24
725 56
723 2346
721 256
733 34
734 5
737 4
736 4
735 6
731 345
732 236
747 34
744 24
742 4
743 4
741 35
745 4
746 4
755 5
751 345
757 34
754 4
753 5
752 25
756 5
766 6
764 4
765 5
762 3
767 47
763 2
761 236
777 4
774 45
772 25
775 456
776 456
773 34
771 6