2114 24
2116 5
2111 13457
2113 1245
2112 5
2117 45
2115 5
2121 24
2124 23457
2125 24
2126 245
2123 23
2127 4
2122 5
2134 2
2133 345
2131 1234567
2132 5
2136 245
2137 245
2135 2
2142 4
2144 3457
2145 2
2146 4
2141 45
2143 24
2147 2
2151 4
2152 4
2154 2
2156 26
2155 245
2157 5
2153 35
2164 46
2166 45
2165 256
2161 6
2163 57
2162 45
2167 2356
2174 2
2173 6
2171 25
2176 235
2175 5
2172 5
2177 25
2212 4
2216 345
2214 4
2215 4
2217 24
2211 246
2213 3
2226 4
2223 3
2222 45
2225 4
2227 4
2224 4
2221 25
2233 4
2236 4
2234 4
2232 4
2237 4
2235 4
2231 5
2244 3
2246 3
2242 3
2243 4
2241 4
2247 3
2245 1
2254 4
2255 4
2252 2
2256 2
2251 4
2257 2345
2253 5
2263 5
2265 1
2262 4
2264 4
2267 34
2266 4
2261 45
2276 3
2274 4
2272 4
2273 356
2275 15
2277 4
2271 5
2314 4
2316 3
2315 4
2313 2356
2312 3
2311 3
2317 3
2324 245
2325 5
2323 2
2326 246
2321 23
2322 23
2327 4
2335 345
2334 3
2331 3
2336 3
2332 3
2333 3
2337 3
2344 24
2343 4
2346 2
2345 3
2342 4
2347 2
2341 24
2354 4
2353 3
2355 3
2352 5
2356 5
2351 35
2357 3
2363 37
2365 35
2364 46
2362 5
2367 236
2366 7
2361 57
2374 4
2373 36
2376 3
2372 356
2375 3
2377 6
2371 6
2415 3
2416 5
2412 4
2413 4
2417 2
2414 346
2411 4
2424 24
2425 6
2423 245
2426 25
2422 4
2427 24
2421 23457
2434 4
2437 4
2432 4
2433 4
2431 2
2435 24
2436 4
2446 7
2443 4
2445 6
2442 4
2447 24
2441 4
2444 4
2453 4
2452 4
2454 4
2456 2
2457 5
2455 4
2451 2
2464 12467
2466 4
2462 4
2463 46
2465 24
2467 24
2461 46
2476 4
2473 4
2472 4
2475 4
2474 4
2477 2
2471 2
2516 4
2514 3
2515 4
2517 4
2513 4
2512 4
2511 4
2524 6
2526 24
2525 245
2522 3
2523 5
2527 24
2521 24
2535 5
2534 24
2533 34
2532 4
2537 24
2536 24
2531 2
2544 4
2545 125
2543 3
2541 2
2542 1
2546 4
2547 145
2555 45
2556 4
2554 7
2553 235
2557 45
2552 5
2551 5
2563 35
2566 3
2565 15
2564 24
2562 1
2561 256
2567 13
2573 3
2575 5
2574 4
2572 15
2576 345
2577 4
2571 5
2615 4
2614 5
2616 345
2612 345
2613 3
2611 4
2617 4
2626 34
2627 4
2624 25
2625 24
2622 4
2623 246
2621 245
2637 4
2633 4
2632 4
2636 4
2634 4
2635 24
2631 245
2646 3
2642 3
2644 3
2643 2
2647 3
2645 4
2641 4
2656 2
2654 2
2652 2
2655 5
2651 26
2653 5
2657 5
2662 4
2664 5
2666 34
2665 4
2663 2
2667 4
2661 45
2674 4
2673 3
2672 3
2676 3
2677 24
2675 345
2671 235
2715 4
2714 2
2712 24
2716 4
2717 24
2713 3
2711 24
2726 4
2724 24
2727 4
2725 24
2721 4
2723 4
2722 4
2737 4
2733 4
2736 4
2734 4
2732 4
2735 24
2731 245
2747 3
2746 3
2744 3
2743 2
2742 3
2741 2
2745 145
2754 5
2757 45
2755 245
2752 2345
2751 5
2756 5
2753 3
2762 34
2763 236
2764 24
2767 2
2766 34
2765 13
2761 2356
2772 4
2774 2
2776 4
2777 4
2775 4
2771 2
2773 23
