41113 5
41115 3
41114 4
41116 5
41112 4
41111 5
41117 45
41126 5
41124 4
41123 3
41122 45
41121 157
41125 6
41127 245
41135 4
41136 36
41137 356
41132 234
41134 4
41133 3
41131 134
41143 5
41146 5
41142 4
41141 45
41145 3
41147 5
41144 4
41153 4
41156 4
41154 4
41151 45
41152 4
41157 4
41155 5
41164 4
41166 45
41162 4
41161 4
41163 4
41165 4
41167 6
41175 6
41173 5
41176 6
41171 1245
41174 4
41172 234
41177 4
41214 45
41215 3
41213 5
41216 5
41217 5
41212 35
41211 5
41223 5
41225 3
41222 4
41227 5
41224 4
41226 7
41221 24
41233 3
41237 4
41234 4
41235 4
41236 4
41232 3
41231 234
41243 5
41245 3
41246 57
41242 4
41244 4
41241 4
41247 356
41253 45
41252 12456
41255 25
41254 4
41256 4
41251 4
41257 45
41262 35
41263 5
41266 345
41264 34
41265 3
41261 4
41267 4
41272 235
41275 3
41273 5
41277 2
41274 4
41271 234
41276 4
41315 1234567
41314 5
41313 5
41316 5
41311 5
41312 5
41317 25
41324 4
41326 5
41323 3
41322 3
41325 6
41321 3
41327 24
41335 1234567
41334 5
41332 5
41336 5
41333 5
41337 5
41331 256
41345 1234567
41343 2
41344 5
41342 5
41346 5
41341 5
41347 5
41353 3
41355 45
41352 45
41356 36
41354 4
41351 4
41357 45
41363 2
41362 5
41364 4
41366 34
41365 2
41367 34
41361 4
41375 1234567
41374 5
41373 5
41376 5
41377 2
41372 5
41371 5
41415 3
41414 4
41413 5
41416 5
41412 45
41417 4
41411 4
41425 6
41426 5
41424 4
41423 4
41427 4
41422 4
41421 4
41437 4
41434 4
41435 4
41436 4
41432 4
41433 4
41431 4
41443 25
41445 36
41446 5
41444 23456
41442 4
41441 4
41447 4
41454 4
41453 4
41455 4
41457 4
41452 4
41456 4
41451 4
41465 4
41464 4
41466 4
41463 4
41462 34
41467 4
41461 4
41475 3
41474 4
41473 5
41472 4
41476 4
41471 4
41477 4
41514 3
41513 1234567
41515 136
41516 1234567
41512 3
41517 6
41511 36
41526 1234567
41524 6
41525 6
41527 6
41522 6
41523 6
41521 6
41535 347
41533 4567
41537 6
41531 4
41532 4
41534 4
41536 7
41546 1234567
41543 1234567
41545 6
41544 36
41542 3
41541 3
41547 6
41553 1234567
41556 1234567
41554 3
41555 36
41552 3
41551 36
41557 6
41565 4
41564 4
41562 3
41563 2
41566 4
41567 45
41561 4
41573 1234567
41574 3
41575 3
41572 3
41571 6
41576 3
41577 3
41615 1234567
41614 5
41613 5
41616 15
41617 5
41611 5
41612 5
41625 1234567
41624 5
41626 5
41627 5
41623 5
41622 5
41621 5
41636 4
41633 46
41637 5
41634 4
41635 7
41631 36
41632 4
41645 1234567
41646 35
41643 5
41642 57
41644 5
41641 5
41647 5
41656 456
41653 36
41652 4
41657 4
41654 4
41651 4
41655 456
41665 1234567
41664 35
41663 5
41666 35
41667 5
41661 5
41662 57
41676 356
41673 5
41675 3
41677 456
41671 6
41674 4
41672 4
41715 6
41716 5
41713 25
41712 5
41714 4
41717 145
41711 4
41725 6
41724 4
41726 5
41727 45
41722 45
41723 24
41721 245
41734 4
41736 5
41735 6
41732 4
41737 356
41733 6
41731 356
41747 4
41742 356
41743 5
41746 5
41745 6
41744 4
41741 5
41754 4
41756 4
41752 45
41753 45
41755 4
41757 123457
41751 4
41764 4
41762 4
41763 34
41766 4
41765 45
41767 6
41761 6
41775 6
41773 5
41776 5
41777 4
41774 4
41772 5
41771 5
42116 5
42115 6
42114 4
42117 4
42111 4
42113 234
42112 4
42125 6
42123 2346
42126 25
42124 4
42122 4
42127 245
42121 15
42134 4
42132 24
42135 3
42133 34
42136 3
42137 4
42131 2
42146 5
42145 6
42143 2346
42141 4
42142 4
42144 4
42147 4
42152 4
42153 245
42154 4
42156 4
42155 5
42151 2
42157 245
42164 4
42165 4
42163 24
42161 4
42166 4
42162 4
42167 4
42174 4
42172 4
42175 45
42176 4
42173 34
42171 2
42177 2
42216 5
42213 3
42214 4
42212 4
42215 6
42217 45
42211 45
42225 36
42224 25
42226 5
42223 4
42227 4
42222 4
42221 4
42232 4
42234 4
42236 47
42233 3
42235 4
42237 34
42231 24
42246 5
42242 46
42245 6
42243 24
42244 4
42247 4
42241 4
42252 5
42254 4
42253 5
42251 4
42256 4
42255 5
42257 5
42264 4
42262 4
42265 45
42263 6
42266 4
42267 4
42261 4
42274 4
42276 345
42272 4
42277 34
42275 45
42271 4
42273 4
42314 4
42316 5
42313 3
42312 3
42315 6
42311 3
42317 24
42324 4
42325 6
42326 5
42327 4
42323 23
42322 3
42321 2346
42334 4
42336 5
42335 6
42331 234
42333 3
42332 23
42337 34
42346 5
42343 4
42345 6
42347 4
42344 4
42341 2346
42342 24
42353 3
42354 4
42355 2345
42352 5
42356 2345
42351 245
42357 4
42363 3
42364 4
42367 4
42366 34
42365 4
42361 24
42362 6
42373 4
42374 4
42376 5
42375 6
42371 34
42372 4
42377 4
42415 6
42416 5
42414 4
42413 4
42417 4
42412 4
42411 4
42425 6
42426 25
42424 4
42423 4
42422 34567
42427 4
42421 4
42433 4
42432 4
42435 4
42434 4
42437 4
42431 4
42436 4
42443 4
42445 6
42446 5
42442 4
42447 4
42444 4
42441 4
42453 4
42454 4
42452 4
42451 4
42455 4
42456 4
42457 4
42466 4
42465 4
42463 4
42461 4
42462 4
42467 4
42464 4
42473 4
42474 4
42475 4
42472 4
42476 45
42471 4
42477 4
42516 1234567
42514 6
42515 6
42517 6
42512 6
42513 6
42511 6
42526 1234567
42524 6
42525 6
42523 6
42522 6
42527 6
42521 6
42535 347
42534 4
42536 7
42532 4
42533 4
42537 6
42531 3
42546 1234567
42545 6
42544 6
42543 6
42547 6
42542 6
42541 6
42556 1234567
42554 3
42553 6
42557 6
42555 6
42551 6
42552 6
42565 5
42564 4
42563 4
42561 4
42562 45
42567 46
42566 2
42575 6
42576 3
42574 4
42572 45
42573 6
42571 45
42577 4
42615 1234567
42614 5
42616 5
42617 5
42613 5
42612 5
42611 5
42625 1234567
42624 25
42626 5
42623 5
42627 5
42622 5
42621 25
42633 4
42636 47
42637 5
42635 7
42634 4
42632 47
42631 3
42645 1234567
42646 5
42643 5
42644 5
42642 5
42647 5
42641 5
42656 46
42657 4
42654 4
42655 5
42651 4
42652 4
42653 2345
42665 1234567
42662 5
42664 5
42663 5
42666 357
42661 5
42667 5
42675 3
42676 35
42672 345
42674 45
42673 5
42677 4
42671 4
42715 6
42714 4
42716 5
42717 45
42712 45
42713 24
42711 245
42726 5
42725 6
42723 4
42722 4
42727 245
42724 4
42721 245
42733 4
42736 5
42734 4
42732 34
42737 4
42735 6
42731 4
42746 5
42743 4
42745 6
42747 24
42742 4
42744 4
42741 4
42756 4
42752 5
42757 2
42754 4
42753 4
42755 25
42751 245
42764 4
42763 4
42765 46
42767 4
42762 4
42766 4
42761 4
42776 5
42774 24
42772 4
42773 4
42775 6
42777 45
42771 245
43114 4
43112 4
43115 4
43117 36
43116 67
43111 34
43113 3
43124 4
43122 24
43125 3
43123 34
43126 3
43127 4
43121 2
43134 34
43136 46
43132 3
43135 34
43137 4
43131 34
43133 34
43141 4
43146 4
43145 3
43147 345
43142 4
43143 4
43144 3
43154 4
43157 4
43155 5
43151 4
43152 3
43153 34
43156 3
43164 4
43162 4
43161 6
43163 36
43166 3
43167 346
43165 4
43174 4
43171 134567
43176 34
43175 34
43172 4
43173 4
43177 4
43217 4
43216 4
43215 4
43213 3
43212 3
43214 4
43211 234
43225 34
43222 4
43226 34
43224 4
43221 4
43227 34
43223 23
43234 34
43233 3
43231 3
43237 4
43235 24
43232 3
43236 4
43246 34
43245 4
43247 34
43244 3
43242 4
43243 4
43241 4
43252 245
43253 2345
43255 4
43251 3
43254 4
43256 4
43257 5
43263 3
43262 24
43267 4
43265 3456
43261 4
43264 4
43266 4
43272 234
43275 25
43274 4
43276 4
43277 4
43273 234
43271 4
43313 36
43315 4567
43316 46
43312 3
43317 6
43314 4
43311 3
43323 34
43327 4
43324 4
43326 4
43325 4
43322 3
43321 34
43334 4
43337 46
43336 4
43332 2346
43335 4
43333 7
43331 3
43344 34
43346 34
43343 4
43345 34
43347 34
43342 4
43341 4
43355 4
43354 4
43353 3456
43352 2345
43357 3
43356 4
43351 34
43362 3
43363 6
43365 3456
43364 4
43366 3
43367 3
43361 36
43373 36
43375 34
43374 4
43376 36
43372 234
43371 4
43377 3
43417 4
43414 4
43416 4
43415 4
43412 4
43413 4
43411 4
43423 4
43422 4
43425 4
43427 4
43424 4
43421 4
43426 4
43434 4
43437 34
43432 34
43436 34
43431 34
43435 34
43433 4
43445 4
43447 4
43446 4
43443 4
43441 4
43442 4
43444 34
43454 4
43453 4
43455 4
43457 4
43451 4
43452 4
43456 4
43465 4
43464 4
43467 4
43466 4
43463 4
43462 4
43461 4
43474 4
43475 4
43473 4
43471 4
43476 4
43472 4
43477 4
43515 347
43513 4567
43517 6
43512 4
43511 4
43514 4
43516 7
43525 347
43524 4
43526 7
43522 4
43523 4
43527 6
43521 3
43537 6
43536 7
43535 5
43534 34
43531 34
43533 4
43532 24
43545 5
43546 7
43547 6
43542 4
43544 3
43541 3
43543 34
43554 4
43556 7
43552 4
43555 5
43557 6
43553 3
43551 34
43565 5
43564 4
43563 3456
43566 3
43562 3456
43567 346
43561 4
43573 34
43575 5
43574 4
43576 34
43572 25
43577 4
43571 34
43616 4
43613 46
43617 5
43612 4
43614 4
43611 36
43615 7
43627 5
43623 4
43625 7
43626 47
43622 47
43624 4
43621 3
43637 5
43635 7
43636 6
43634 34
43633 4
43631 46
43632 4
43647 5
43645 7
43644 4
43642 34
43646 6
43641 4
43643 34
43656 346
43655 3456
43653 4
43652 4
43654 4
43651 3
43657 5
43665 7
43666 4
43664 4
43662 4
43667 5
43663 7
43661 34
43673 36
43674 4
43676 23467
43675 34
43672 4
43677 4
43671 34
43714 4
43715 6
43716 5
43712 4
43713 6
43717 356
43711 356
43723 4
43724 4
43726 5
43727 4
43722 34
43725 6
43721 4
43736 5
43735 6
43733 345
43734 34
43731 4
43732 4
43737 4
43746 5
43744 4
43745 6
43747 4
43742 34
43743 34
43741 345
43754 4
43757 4
43753 3
43751 4
43752 5
43755 45
43756 5
43766 4
43764 4
43762 4
43765 346
43763 3
43767 6
43761 346
43776 5
43774 4
43771 3456
43777 36
43773 456
43772 4
43775 6
44116 5
44115 3
44112 3
44113 2
44111 34
44117 24
44114 4
44126 5
44125 6
44123 2346
44121 4
44122 4
44124 4
44127 4
44136 4
44131 4
44135 3
44137 345
44132 4
44133 4
44134 3
44143 2
44145 46
44146 345
44142 3
44147 4
44141 4
44144 3
44154 4
44152 3
44153 2
44156 45
44151 4
44155 45
44157 345
44162 3
44165 4
44161 46
44163 2
44166 4
44164 4
44167 4
44171 4
44176 235
44173 2
44175 3
44172 3
44174 4
44177 3
44213 5
44215 3
44216 57
44212 4
44214 4
44211 4
44217 356
44223 1234567
44225 3
44221 3
44224 35
44227 3
44226 3
44222 3
44236 34
44235 4
44237 34
44234 3
44232 4
44233 4
44231 4
44243 1234567
44245 3
44246 345
44241 3
44247 345
44242 4
44244 3
44251 3
44253 1
44252 2
44254 4
44256 45
44255 45
44257 4
44263 1234567
44262 3
44265 3
44264 3
44266 3
44261 3
44267 3
44273 1234567
44272 35
44275 3
44276 13
44274 3
44277 3
44271 3
44315 1234567
44313 2
44314 5
44312 5
44316 5
44311 5
44317 5
44323 4
44326 5
44325 6
44327 4
44324 4
44321 2346
44322 24
44335 1234567
44332 1234567
44337 25
44336 5
44333 25
44331 2
44334 5
44342 1234567
44345 1234567
44343 4
44341 2
44346 5
44347 24
44344 25
44353 3
44352 1
44351 2
44356 4
44354 5
44357 5
44355 45
44362 1234567
44363 2
44364 2
44365 2
44366 2
44367 2
44361 2
44375 1234567
44372 1234567
44373 2
44374 25
44376 5
44377 5
44371 2
44413 5
44415 36
44416 5
44412 4
44414 5
44417 4
44411 4
44426 5
44425 6
44424 12567
44423 4
44422 4
44427 4
44421 4
44437 4
44436 4
44433 34
44435 3
44434 7
44432 3
44431 3
44442 13
44446 57
44443 25
44445 36
44444 1234567
44441 2346
44447 2456
44451 4
44454 1
44452 4
44456 5
44453 5
44455 45
44457 5
44462 3
44463 2
44464 12367
44465 4
44466 4
44461 4
44467 4
44473 25
44475 3
44474 3
44472 3
44476 4
44471 4
44477 4
44513 1234567
44516 1234567
44515 6
44514 36
44512 3
44511 3
44517 6
44526 1234567
44525 6
44524 6
44523 6
44527 6
44522 6
44521 6
44535 5
44537 6
44536 7
44532 4
44534 3
44531 3
44533 34
44546 1234567
44543 1234567
44542 3
44545 4
44547 6
44541 46
44544 36
44556 1234567
44553 1234567
44551 36
44552 3
44555 36
44557 6
44554 3
44565 4
44562 3
44563 2
44561 4
44566 46
44564 4
44567 2456
44573 1234567
44575 6
44574 3
44576 3
44572 3
44577 3
44571 3
44615 1234567
44616 35
44613 5
44612 57
44614 5
44611 5
44617 5
44625 1234567
44626 5
44623 5
44624 5
44622 5
44627 5
44621 5
44637 5
44635 7
44636 6
44632 34
44634 4
44633 34
44631 4
44645 1234567
44643 5
44642 345
44647 5
44641 345
44646 4
44644 5
44653 4
44652 45
44654 5
44651 45
44655 4
44656 4
44657 4
44665 1234567
44663 5
44667 5
44664 35
44661 5
44662 5
44666 5
44675 3
44673 5
44672 13
44676 4
44674 4
44677 4
44671 235
44717 4
44712 356
44716 5
44713 5
44715 6
44714 4
44711 5
44726 5
44723 4
44725 6
44727 24
44722 4
44724 4
44721 4
44736 5
44734 4
44735 6
44737 4
44732 34
44733 34
44731 345
44746 5
44745 6
44743 24
44741 4
44742 345
44747 4
44744 5
44757 4
44752 4
44753 5
44751 345
44756 4
44754 5
44755 4
44763 2
44762 3
44765 2456
44767 4
44766 4
44761 4
44764 4
44772 3
44773 5
44776 5
44775 6
44777 45
44771 46
44774 4
45112 3
45115 234
45114 4
45117 2345
45111 25
45113 2
45116 4
45124 4
45123 245
45122 4
45126 4
45125 5
45121 2
45127 245
45131 4
45132 3
45137 4
45134 4
45135 5
45133 34
45136 3
45144 4
45143 2
45142 3
45146 45
45141 4
45145 45
45147 345
45153 2
45152 3
45154 45
45157 4
45156 4
45151 4
45155 345
45165 4
45163 2
45162 3
45164 4
45166 45
45161 4
45167 4
45174 4
45173 2
45172 3
45176 4
45175 2
45171 235
45177 235
45214 4
45215 25
45212 12456
45213 45
45216 4
45217 45
45211 4
45223 1
45221 3
45222 4
45224 4
45226 4
45227 45
45225 1
45232 245
45233 2345
45235 4
45234 4
45236 4
45231 3
45237 5
45241 3
45243 1
45244 4
45242 2
45247 4
45246 45
45245 45
45251 3
45252 2
45253 1
45254 45
45255 4
45256 4
45257 24
45261 3
45265 4
45262 14
45263 1
45264 4
45266 14
45267 5
45272 4
45271 3
45275 24
45273 1
45274 4
45277 25
45276 4
45313 3
45314 4
45315 45
45312 45
45316 36
45311 4
45317 45
45324 4
45323 3
45325 2345
45322 5
45326 2345
45321 245
45327 4
45334 4
45332 1
45336 4
45331 2
45333 3
45335 5
45337 45
45343 3
45342 1
45341 2
45346 4
45344 5
45347 5
45345 45
45352 1
45351 2
45353 3
45357 45
45354 45
45355 4
45356 46
45363 145
45361 2
45364 4
45362 1
45366 4
45365 4
45367 5
45373 145
45371 2
45375 1234
45377 4
45374 4
45372 1
45376 4
45414 4
45413 4
45415 4
45417 4
45412 4
45416 4
45411 4
45423 4
45424 4
45422 4
45421 4
45425 4
45426 4
45427 4
45434 4
45433 4
45435 4
45437 4
45431 4
45432 4
45436 4
45441 4
45443 4
45445 4
45442 4
45446 4
45447 4
45444 45
45454 4
45456 45
45451 45
45453 45
45452 45
45457 45
45455 4
45463 4
45465 4
45466 4
45461 4
45464 4
45467 4
45462 4
45474 4
45471 4
45473 4
45472 4
45475 4
45476 4
45477 4
45515 25
45513 45
45514 4
45512 25
45516 456
45517 4
45511 5
45524 4
45526 5
45525 2
45523 2345
45522 5
45521 5
45527 25
45533 4
45535 2345
45532 4
45534 4
45531 5
45536 3456
45537 45
45545 4
45546 4
45542 45
45544 45
45541 45
45543 45
45547 4
45554 4
45552 4
45556 2456
45553 4
45551 24
45555 1
45557 5
45565 45
45561 4
45562 4
45564 4
45566 5
45563 4
45567 45
45575 25
45573 1234
45572 24
45576 5
45571 2
45574 4
45577 5
45616 456
45613 36
45611 4
45617 4
45612 4
45614 4
45615 456
45626 46
45625 5
45622 4
45627 4
45621 4
45624 4
45623 2345
45636 346
45635 3456
45633 4
45632 4
45634 4
45637 5
45631 3
45642 45
45643 4
45644 5
45641 45
45645 4
45646 4
45647 4
45654 45
45655 5
45657 5
45652 4
45651 4
45653 46
45656 5
45663 45
45666 4
45662 45
45664 4
45661 45
45665 56
45667 4
45675 5
45671 4
45672 4
45674 4
45673 4
45676 5
45677 456
45714 4
45716 4
45713 45
45715 4
45712 45
45717 123457
45711 4
45726 4
45724 4
45727 2
45725 25
45723 4
45722 5
45721 245
45737 4
45734 4
45733 3
45731 4
45732 5
45735 45
45736 5
45742 4
45747 4
45743 5
45746 4
45741 345
45745 4
45744 5
45753 45
45756 5
45754 45
45751 4
45755 45
45752 24
45757 45
45766 46
45763 5
45764 4
45762 5
45765 45
45761 4
45767 6
45774 4
45776 4
45773 4
45772 12
45777 45
45771 25
45775 5
46112 3
46114 46
46116 4
46113 2
46115 4
46117 346
46111 34
46124 4
46125 4
46123 24
46121 4
46126 4
46122 4
46127 4
46131 6
46134 4
46132 4
46136 3
46133 36
46135 4
46137 346
46142 3
46145 4
46143 2
46141 46
46146 4
46144 4
46147 4
46153 2
46155 4
46154 4
46152 3
46156 45
46151 4
46157 4
46163 2
46166 4
46162 3
46165 4
46161 346
46164 4
46167 346
46174 4
46172 3
46173 2
46171 34
46176 34
46175 46
46177 346
46212 35
46213 5
46216 345
46214 34
46215 3
46211 4
46217 4
46223 1234567
46226 3
46224 3
46225 3
46227 3
46222 135
46221 3
46232 24
46233 3
46234 4
46231 4
46237 4
46236 4
46235 3456
46243 1234567
46242 3
46245 3
46244 3
46246 3
46241 3
46247 3
46255 4
46251 3
46253 1
46252 14
46256 14
46254 4
46257 5
46263 1234567
46264 36
46262 3
46265 3
46261 3
46266 3
46267 36
46273 1234567
46274 3
46272 3
46271 3
46275 3
46276 3
46277 3
46313 2
46312 5
46314 4
46316 34
46315 2
46317 34
46311 4
46324 4
46323 3
46327 4
46325 4
46326 34
46321 24
46322 6
46332 1234567
46334 5
46335 2
46331 2
46333 2
46336 2
46337 2
46342 1234567
46343 2
46344 2
46345 2
46346 2
46347 2
46341 2
46353 145
46351 2
46354 4
46352 1
46356 4
46355 4
46357 5
46362 1234567
46364 2
46363 2
46365 2
46366 2
46361 2
46367 2
46372 1234567
46374 2
46373 2
46371 2
46376 2
46375 2
46377 2
46415 4
46414 4
46416 4
46413 4
46412 34
46417 4
46411 4
46422 4
46423 4
46425 4
46426 4
46424 4
46421 4
46427 4
46435 4
46434 4
46436 4
46437 4
46433 4
46432 4
46431 4
46445 4
46443 2
46446 4
46442 3
46441 4
46444 4
46447 4
46453 4
46456 4
46455 4
46451 4
46454 4
46457 4
46452 4
46463 2
46464 4
46462 36
46465 4
46466 12345
46461 4
46467 4
46473 2
46472 3
46474 4
46475 4
46471 4
46476 4
46477 4
46515 4
46514 4
46512 3
46513 2
46516 4
46517 45
46511 4
46524 4
46525 5
46523 4
46521 4
46527 46
46522 45
46526 2
46534 4
46535 5
46533 3456
46532 3456
46536 3
46537 346
46531 4
46542 3
46545 4
46543 2
46541 4
46544 4
46546 46
46547 2456
46554 4
46552 3
46553 2
46555 5
46557 456
46556 56
46551 45
46563 2
46564 4
46562 3
46566 5
46565 56
46561 4
46567 2456
46574 4
46572 3
46575 5
46576 5
46573 2
46571 46
46577 5
46614 4
46612 345
46616 4
46613 34
46611 45
46615 4
46617 4
46624 4
46626 4
46623 34
46625 2
46622 4
46621 4
46627 4
46634 4
46636 3
46635 3
46632 4
46637 4
46633 3
46631 3
46642 3
46646 24
46643 2
46645 46
46644 4
46641 4
46647 4
46656 4
46654 4
46653 4
46655 5
46651 45
46652 14
46657 46
46663 25
46662 3
46664 36
46666 4
46665 4
46667 4
46661 4
46676 4
46672 3
46673 2
46675 5
46674 4
46671 34
46677 34
46714 4
46716 4
46712 4
46713 34
46715 45
46717 6
46711 6
46724 4
46723 4
46727 4
46725 46
46722 4
46726 4
46721 4
46734 4
46732 4
46736 4
46735 346
46733 3
46737 6
46731 346
46743 2
46742 3
46745 2456
46747 4
46746 4
46741 4
46744 4
46754 4
46756 46
46753 5
46755 45
46752 5
46751 4
46757 6
46763 2
46762 36
46765 2456
46761 346
46766 4
46764 4
46767 37
46773 2
46772 3
46774 4
46777 4
46771 4
46776 4
46775 456
47113 2
47111 4
47112 3
47115 3
47114 4
47116 3
47117 3
47124 4
47122 4
47126 4
47123 34
47125 45
47121 2
47127 2
47134 4
47131 134567
47132 4
47136 34
47135 34
47133 4
47137 4
47141 4
47146 235
47143 2
47145 3
47142 3
47144 4
47147 3
47153 2
47154 4
47152 3
47156 4
47155 2
47157 235
47151 235
47162 3
47163 2
47164 4
47161 34
47166 34
47165 46
47167 346
47173 2
47172 3
47175 36
47171 347
47176 3
47174 4
47177 4
47212 235
47215 3
47213 5
47217 2
47214 4
47211 234
47216 4
47223 1234567
47224 35
47225 3
47222 35
47221 3
47227 3
47226 13
47232 234
47235 25
47234 4
47236 4
47237 4
47233 234
47231 4
47243 1234567
47242 35
47245 3
47246 13
47244 3
47247 3
47241 3
47252 4
47255 24
47251 3
47253 1
47257 25
47254 4
47256 4
47263 1234567
47264 3
47262 3
47261 3
47265 3
47266 3
47267 3
47273 1234567
47274 3
47272 37
47275 3
47271 3
47277 3
47276 3
47315 1234567
47314 5
47313 5
47316 5
47317 2
47312 5
47311 5
47323 4
47324 4
47326 5
47325 6
47321 34
47322 4
47327 4
47335 1234567
47332 1234567
47334 5
47333 25
47336 5
47337 25
47331 2
47345 1234567
47342 1234567
47343 2
47344 25
47346 5
47347 5
47341 2
47353 145
47351 2
47355 1234
47354 4
47357 4
47352 1
47356 4
47362 1234567
47364 2
47363 2
47361 2
47366 2
47365 2
47367 2
47374 5
47373 257
47372 1234567
47375 1234567
47371 2
47376 5
47377 25
47414 4
47415 3
47413 5
47412 4
47416 4
47411 4
47417 4
47423 4
47424 4
47425 4
47422 4
47426 45
47421 4
47427 4
47434 4
47435 4
47433 4
47431 4
47436 4
47432 4
47437 4
47445 36
47443 25
47444 23456
47442 3
47446 4
47447 4
47441 4
47454 4
47451 4
47453 4
47452 4
47455 4
47456 4
47457 4
47463 2
47462 3
47464 4
47465 4
47461 4
47466 4
47467 4
47473 5
47474 4
47475 3
47472 3
47476 34
47477 4
47471 4
47513 1234567
47514 3
47515 3
47512 3
47511 6
47516 3
47517 3
47525 6
47526 3
47524 4
47522 45
47523 6
47521 45
47527 4
47535 5
47534 4
47533 34
47536 34
47532 25
47531 34
47537 4
47543 1234567
47545 6
47544 3
47546 3
47542 3
47547 3
47541 3
47553 1234567
47554 3
47556 3
47555 3
47552 3
47551 3
47557 236
47564 4
47562 3
47565 5
47566 5
47563 2
47561 46
47567 5
47573 1234567
47574 3
47575 3
47572 3
47577 3
47576 3
47571 36
47616 356
47613 5
47615 3
47611 6
47617 456
47614 4
47612 4
47626 35
47625 3
47622 345
47624 45
47623 5
47627 4
47621 4
47634 4
47636 23467
47635 34
47633 36
47632 4
47637 4
47631 34
47645 3
47643 5
47642 13
47646 4
47644 4
47647 4
47641 235
47651 4
47656 5
47655 5
47653 4
47652 4
47654 4
47657 456
47665 3
47663 5
47661 3
47666 4
47664 4
47662 1
47667 46
47673 5
47674 34
47675 3
47676 35
47672 3
47677 3
47671 3
47713 2
47715 3
47717 3467
47716 456
47712 2
47714 4
47711 4
47722 34
47724 4
47726 4
47727 4
47725 4
47723 4
47721 2
47734 4
47735 4
47732 4
47736 4
47737 34
47731 4
47733 3
47746 4
47742 3
47743 5
47745 3
47747 34
47744 4
47741 3
47753 4
47752 25
47755 5
47751 235
47754 4
47756 456
47757 457
47762 3
47764 4
47767 137
47765 5
47766 34
47763 2
47761 346
47773 5
47775 3
47774 4
47772 3
47776 4
47771 34
47777 3