61114 5
61115 4
61116 4
61113 3
61117 6
61111 6
61112 5
61126 4
61124 5
61125 4
61123 3
61122 234567
61121 4
61127 4
61134 36
61136 6
61133 4
61131 4
61137 4
61135 46
61132 3
61146 1234
61143 4
61145 4
61141 34
61147 34
61144 4
61142 4
61154 4
61156 6
61151 5
61153 5
61155 5
61157 5
61152 5
61165 34
61164 5
61161 6
61163 3
61166 34
61167 4
61162 567
61174 6
61175 456
61171 16
61176 6
61173 6
61177 6
61172 6
61214 5
61213 12346
61215 4
61216 15
61212 126
61217 5
61211 5
61225 4
61226 5
61223 35
61224 7
61227 5
61222 5
61221 5
61234 4
61233 3
61237 4
61235 5
61236 26
61232 2
61231 3
61245 4
61243 4
61246 46
61242 4
61247 4
61241 4
61244 4
61254 4
61252 26
61253 5
61256 26
61255 5
61257 5
61251 5
61263 6
61264 57
61262 5
61265 47
61266 5
61261 567
61267 45
61275 6
61274 4
61273 2
61276 6
61272 2
61277 2
61271 6
61313 3
61314 5
61315 4
61312 12346
61311 3
61316 3
61317 3
61323 3
61325 4
61326 3
61324 5
61322 3
61321 3
61327 23456
61335 4
61334 5
61333 3
61336 1
61337 3
61332 235
61331 3
61344 4
61345 3
61343 36
61346 6
61341 4
61342 4
61347 4
61354 36
61355 5
61356 6
61353 3
61352 5
61357 5
61351 5
61364 5
61365 4
61362 6
61366 6
61363 3
61361 3
61367 4
61373 346
61376 4
61375 4
61374 5
61377 346
61372 2
61371 6
61415 1234567
61414 5
61413 5
61416 15
61417 5
61411 5
61412 5
61425 1234567
61424 5
61426 5
61427 5
61423 5
61422 5
61421 5
61436 4
61433 46
61437 5
61434 4
61432 4
61431 36
61435 7
61445 1234567
61446 35
61443 5
61442 57
61444 5
61441 5
61447 5
61456 456
61453 36
61452 4
61455 456
61454 4
61451 4
61457 4
61465 1234567
61464 35
61463 5
61466 35
61467 5
61461 5
61462 57
61476 356
61473 5
61475 3
61477 456
61471 6
61474 4
61472 4
61514 1234567
61515 14
61516 4
61517 4
61513 4
61511 4
61512 4
61524 1234567
61526 4
61527 4
61525 4
61523 4
61522 4
61521 4
61537 4
61535 5
61536 4
61533 4
61534 7
61532 5
61531 46
61545 5
61544 4
61546 2
61543 3
61547 4
61542 4
61541 4
61554 1234567
61557 4
61555 4
61556 47
61553 4
61551 4
61552 4
61564 1234567
61565 4
61563 4
61567 4
61566 4
61561 34
61562 47
61575 5
61573 4
61576 5
61574 3
61577 346
61572 6
61571 456
61615 4
61614 15
61617 156
61616 6
61611 4
61612 15
61613 3
61624 5
61625 4
61626 6
61627 45
61623 3
61622 4
61621 4
61633 4
61636 6
61634 4
61637 4
61635 4
61631 6
61632 26
61645 2
61646 6
61647 34
61641 1234
61643 6
61642 46
61644 123467
61654 456
61656 6
61653 6
61651 6
61655 5
61652 26
61657 6
61664 5
61665 4
61663 45
61661 56
61667 5
61666 5
61662 5
61676 6
61674 356
61675 5
61673 4
61677 6
61671 6
61672 6
61715 4
61714 5
61716 156
61717 4
61713 3
61712 5
61711 4
61725 4
61726 45
61724 5
61723 23456
61722 4
61727 4
61721 4
61735 4
61736 4
61734 5
61733 4
61737 4
61732 4
61731 4
61746 34
61745 4
61743 4
61747 34
61744 4
61741 34
61742 4
61754 4
61753 5
61755 5
61757 45
61756 6
61751 5
61752 5
61765 4
61764 5
61766 6
61763 4
61767 47
61761 4
61762 45
61776 456
61775 4
61774 5
61773 34
61777 4
61772 5
61771 456
62114 5
62116 5
62115 4
62113 3
62117 5
62111 5
62112 5
62125 47
62127 4
62124 25
62126 25
62123 3
62122 5
62121 24
62137 4
62134 3
62136 36
62133 3
62131 5
62132 5
62135 57
62142 4
62146 4
62141 4
62144 345
62145 4
62147 4
62143 3
62154 4
62156 2
62155 25
62157 125
62152 25
62151 35
62153 5
62164 5
62162 5
62166 5
62165 4
62167 24
62163 234
62161 4567
62174 4
62173 2456
62177 25
62176 26
62171 6
62172 2
62175 235
62212 4
62215 4
62216 4
62213 3
62214 5
62217 4
62211 234567
62225 4
62224 5
62226 6
62227 4
62223 25
62222 4
62221 5
62237 4
62232 4
62236 4
62234 47
62235 5
62233 4
62231 5
62246 3
62244 3
62243 46
62241 4
62242 3
62247 3
62245 56
62254 4
62252 5
62255 25
62253 2
62257 5
62256 234567
62251 25
62265 4
62262 4
62264 5
62263 3
62266 4
62261 5
62267 4
62274 345
62272 4
62273 4
62276 56
62275 5
62277 346
62271 2
62313 3
62315 4
62316 3
62314 5
62312 3
62311 3
62317 23456
62324 5
62325 4
62326 5
62323 23
62322 25
62327 3
62321 3
62335 4
62334 5
62336 3
62333 3
62331 34
62337 3
62332 36
62345 3456
62342 46
62343 3
62346 467
62347 4
62344 4
62341 3
62353 2356
62354 2345
62356 6
62355 5
62352 2
62357 5
62351 5
62365 4
62364 5
62366 24
62362 3
62363 3
62361 234
62367 34
62375 4
62376 4
62372 4
62373 3
62374 5
62377 2346
62371 2456
62415 1234567
62414 5
62416 5
62417 5
62413 5
62412 5
62411 5
62425 1234567
62424 25
62426 5
62423 5
62427 5
62422 5
62421 25
62433 4
62437 5
62436 47
62435 7
62434 4
62432 47
62431 3
62445 1234567
62446 5
62443 5
62444 5
62442 5
62447 5
62441 5
62455 5
62457 4
62456 46
62451 4
62452 4
62453 2345
62454 4
62465 1234567
62462 5
62464 5
62463 5
62466 357
62461 5
62467 5
62475 3
62476 35
62472 345
62474 45
62473 5
62477 4
62471 4
62514 1234567
62516 4
62515 4
62517 4
62513 4
62512 4
62511 4
62524 1234567
62525 4
62526 24
62523 4
62522 4
62527 4
62521 47
62537 4
62535 5
62534 7
62536 457
62532 5
62533 3
62531 57
62545 5
62543 3456
62544 4
62546 4
62547 4
62541 4
62542 56
62554 1234567
62553 4
62555 4
62557 4
62556 347
62552 4
62551 347
62564 1234567
62565 4
62562 4
62563 4
62567 4
62566 3
62561 4
62573 4
62576 35
62574 3
62575 5
62572 5
62577 45
62571 235
62614 5
62615 4
62616 6
62617 45
62613 3
62611 4
62612 4
62624 5
62625 24
62627 24
62626 6
62623 5
62622 5
62621 25
62637 4
62636 6
62635 457
62634 47
62632 4
62633 4
62631 36
62644 3
62647 3
62642 3
62643 467
62646 6
62645 4
62641 4
62654 46
62656 6
62655 5
62657 6
62651 2
62653 6
62652 234567
62665 4
62664 5
62666 4
62667 45
62662 24
62663 5
62661 5
62676 6
62674 35
62675 35
62673 4
62672 56
62677 46
62671 26
62715 4
62714 5
62716 45
62713 23456
62712 4
62717 4
62711 4
62726 24
62725 4
62724 5
62722 45
62727 24
62721 4
62723 3
62736 4
62735 4
62732 4
62733 4
62734 5
62737 4
62731 4
62746 3
62747 3
62744 3
62745 4
62743 4
62742 3
62741 4
62754 4
62756 6
62752 5
62755 5
62751 125
62753 5
62757 35
62765 4
62764 5
62766 4
62762 4
62767 4
62761 24
62763 34
62776 4
62775 4
62774 5
62773 6
62772 4
62777 4
62771 5
63117 4
63113 3
63114 67
63116 6
63111 3
63115 357
63112 3
63127 4
63124 3
63123 3
63121 5
63126 36
63122 5
63125 57
63134 46
63137 34
63136 6
63131 3
63132 12367
63135 5
63133 3
63141 3
63146 3
63145 3
63147 34
63142 4
63143 3
63144 4
63153 3
63151 5
63156 6
63155 3456
63154 3
63157 5
63152 356
63167 34
63164 34
63163 36
63165 57
63161 6
63162 36
63166 3
63174 34
63176 6
63171 6
63172 3
63175 356
63177 3
63173 3
63214 4
63213 3
63217 4
63215 5
63216 26
63212 2
63211 3
63224 34
63226 3
63225 26
63227 5
63223 23
63222 3
63221 23
63234 4
63232 3
63237 345
63235 357
63233 3
63236 26
63231 12367
63246 346
63245 4
63242 2
63243 3
63247 4
63241 4
63244 2346
63254 4
63253 6
63256 6
63255 2
63252 2
63251 356
63257 235
63264 4
63262 2367
63267 6
63263 36
63265 57
63261 36
63266 6
63274 4
63272 26
63276 26
63275 3
63271 3
63273 3
63277 3
63316 4
63314 46
63317 4
63313 3456
63315 4
63311 4
63312 3
63327 4
63323 4
63324 4
63326 4
63325 3
63321 3
63322 4
63337 4
63334 4
63335 4
63336 346
63333 4
63332 23467
63331 36
63346 2
63347 2
63343 2
63342 3
63345 3
63344 2
63341 3
63356 2456
63355 26
63354 4
63353 123567
63351 3
63352 6
63357 3
63364 7
63367 4
63363 346
63361 36
63362 36
63366 4
63365 6
63374 36
63376 3
63373 3
63375 6
63372 3
63371 3
63377 234
63416 4
63413 46
63417 5
63412 4
63414 4
63415 7
63411 36
63423 4
63427 5
63425 7
63426 47
63422 47
63424 4
63421 3
63437 5
63435 7
63436 6
63434 34
63431 46
63433 4
63432 4
63447 5
63446 6
63445 7
63442 34
63444 4
63441 4
63443 34
63456 346
63452 4
63453 4
63455 3456
63454 4
63457 5
63451 3
63465 7
63466 4
63464 4
63462 4
63467 5
63463 7
63461 34
63475 34
63476 23467
63472 4
63474 4
63473 36
63477 4
63471 34
63517 4
63515 5
63516 4
63513 4
63514 7
63512 5
63511 46
63527 4
63524 7
63526 457
63525 5
63522 5
63523 3
63521 57
63537 4
63536 35
63534 7
63535 5
63533 5
63532 357
63531 5
63546 34
63545 5
63541 3
63542 4
63547 34
63543 3
63544 4
63554 7
63557 4
63556 356
63555 35
63553 3
63551 3
63552 3
63567 4
63564 7
63566 37
63565 5
63562 57
63561 57
63563 6
63574 34
63575 5
63576 6
63572 3
63573 6
63571 356
63577 3
63616 6
63613 4
63614 4
63617 4
63615 4
63611 6
63612 26
63627 4
63626 6
63624 47
63622 4
63625 457
63623 4
63621 36
63637 4
63636 6
63634 6
63635 35
63633 6
63631 6
63632 26
63647 2
63646 6
63645 34
63642 346
63644 2
63643 2
63641 3
63655 4
63653 2456
63654 346
63656 6
63651 6
63657 6
63652 6
63664 4
63663 6
63667 4
63665 5
63666 3
63661 36
63662 36
63676 6
63674 23467
63675 6
63677 6
63673 3
63671 6
63672 26
63715 4
63716 4
63714 5
63713 4
63717 4
63712 4
63711 4
63726 4
63725 4
63723 4
63722 4
63724 5
63727 4
63721 4
63735 4
63734 5
63736 4
63737 34
63731 34
63733 4
63732 345
63746 2
63743 2
63747 2
63745 34
63744 2
63741 34
63742 4
63756 6
63753 3
63754 5
63757 235
63755 5
63751 5
63752 235
63765 4
63764 5
63766 4
63767 4
63763 4
63761 34
63762 6
63776 4
63774 5
63773 4
63777 4
63775 4
63771 3456
63772 2356
64111 4
64113 4
64116 13567
64115 4
64117 4
64112 4
64114 4
64122 4
64126 4
64124 345
64127 4
64125 4
64121 4
64123 3
64136 3
64135 3
64131 3
64137 34
64132 4
64133 3
64134 4
64146 4
64145 456
64141 5
64143 346
64142 1234567
64147 4
64144 46
64156 6
64153 3
64152 4
64154 4
64157 4
64155 5
64151 4
64165 4
64163 4
64161 4
64166 4
64167 4
64164 4
64162 4
64176 123567
64174 4
64175 4
64173 4
64177 4
64171 4
64172 4
64213 4
64216 46
64212 4
64215 4
64217 4
64211 4
64214 4
64226 4
64223 4
64225 4
64227 4
64222 4
64221 4
64224 4
64232 2
64233 3
64235 4
64236 346
64237 4
64231 4
64234 2346
64245 45
64243 34
64246 46
64242 24
64247 1234567
64244 246
64241 1234567
64253 4
64252 245
64256 6
64251 4
64255 5
64257 4
64254 2456
64262 4
64265 4
64263 4
64261 4
64267 4
64266 4
64264 4
64275 4
64272 24
64273 4
64276 4
64274 4
64271 4
64277 4
64313 36
64315 3
64314 4
64316 6
64312 4
64311 4
64317 4
64323 3
64325 3456
64322 46
64326 467
64327 4
64324 4
64321 3
64332 4
64335 45
64334 34
64333 4
64331 34
64336 6
64337 4
64345 34
64342 34
64343 4
64344 46
64346 46
64341 346
64347 346
64353 6
64356 3
64354 4
64352 4
64357 3
64351 3
64355 5
64365 456
64361 4
64366 4
64362 4
64364 4
64367 4
64363 6
64375 4
64376 7
64373 36
64374 4
64372 4
64371 4
64377 4
64413 4
64415 4
64414 3467
64416 123467
64417 4
64411 4
64412 4
64424 3
64426 3
64422 3
64427 3
64425 4
64423 4
64421 345
64436 2
64434 2
64437 2
64435 4
64433 2
64431 4
64432 2346
64446 234
64443 4
64445 4
64447 234
64442 4
64441 4
64444 6
64454 45
64456 6
64453 4
64455 45
64457 4
64451 4
64452 2456
64463 4
64464 1346
64465 4
64461 4
64467 4
64466 4
64462 4
64474 1234
64473 4
64475 4
64471 4
64476 24
64477 4
64472 4
64515 5
64516 2
64514 4
64513 3
64517 4
64512 4
64511 4
64525 5
64526 4
64523 3456
64524 4
64522 56
64527 4
64521 4
64536 34
64535 5
64532 4
64531 3
64537 34
64533 3
64534 4
64542 45
64545 4
64546 4
64543 34
64547 12456
64541 456
64544 4
64557 45
64553 35
64555 4
64552 4
64556 56
64554 45
64551 4
64563 456
64565 5
64567 4
64562 4
64564 4
64561 4
64566 4
64575 5
64573 4
64576 567
64574 4
64571 4
64572 4
64577 4
64615 2
64616 6
64617 34
64611 1234
64613 6
64612 46
64614 123467
64627 3
64624 3
64625 4
64622 3
64626 6
64621 4
64623 467
64637 2
64636 6
64635 34
64633 2
64634 2
64632 346
64631 3
64644 4
64645 4
64646 6
64643 46
64642 46
64641 4
64647 34
64655 5
64657 6
64653 3
64656 6
64654 6
64651 6
64652 6
64666 4
64667 4
64665 456
64663 4
64662 4
64664 6
64661 4
64675 567
64677 2
64673 7
64671 123567
64674 24
64672 4
64676 6
64716 34
64713 4
64715 4
64711 34
64714 4
64717 34
64712 4
64726 3
64727 3
64724 3
64723 4
64725 4
64722 3
64721 4
64736 2
64737 2
64733 2
64735 34
64734 2
64731 34
64732 4
64745 12456
64743 346
64746 34
64742 1234567
64741 4
64747 234
64744 6
64756 6
64753 3
64754 4
64755 4
64757 4
64751 4
64752 4
64765 4
64767 24
64763 4
64766 4
64761 4
64762 4
64764 4
64776 6
64777 34
64775 4
64773 4
64771 4
64772 4
64774 47
65112 2356
65113 3
65114 4
65111 2
65115 5
65116 6
65117 2
65124 4
65126 2
65125 25
65122 25
65121 35
65127 125
65123 5
65131 5
65135 3456
65136 6
65134 3
65133 3
65137 5
65132 356
65146 6
65143 3
65145 5
65144 4
65147 4
65141 4
65142 4
65154 4
65155 5
65156 5
65151 35
65152 345
65153 235
65157 35
65164 45
65166 5
65165 56
65162 3
65163 3
65161 56
65167 6
65174 4
65175 5
65172 4
65176 6
65177 2
65171 56
65173 2
65214 4
65212 26
65213 5
65216 26
65215 5
65217 5
65211 5
65224 4
65226 1256
65221 2
65223 13
65225 25
65227 25
65222 2
65234 4
65232 2
65233 6
65235 2
65236 6
65231 356
65237 235
65242 245
65243 4
65246 6
65241 4
65245 5
65247 4
65244 2456
65253 135
65254 4
65251 345
65256 5
65255 5
65252 26
65257 12567
65264 45
65263 26
65261 3
65262 5
65266 5
65265 56
65267 56
65273 3
65274 4
65275 5
65271 4
65272 26
65276 6
65277 5
65314 36
65315 5
65316 6
65313 3
65312 5
65317 5
65311 5
65323 2356
65324 2345
65326 6
65322 2
65325 5
65327 5
65321 5
65334 4
65331 5
65335 5
65336 3
65337 35
65333 5
65332 5
65346 3
65343 6
65342 4
65344 4
65347 3
65341 3
65345 5
65354 46
65352 135
65356 5
65355 35
65351 235
65353 3
65357 123567
65364 45
65363 3
65362 26
65366 5
65361 3
65365 5
65367 56
65375 5
65373 6
65374 4
65376 5
65372 3
65377 35
65371 2
65416 456
65413 36
65412 4
65417 4
65411 4
65415 456
65414 4
65426 46
65425 5
65424 4
65427 4
65421 4
65423 2345
65422 4
65436 346
65435 3456
65433 4
65432 4
65434 4
65437 5
65431 3
65442 45
65444 5
65443 4
65441 45
65445 4
65446 4
65447 4
65454 45
65455 5
65457 5
65453 46
65451 4
65452 4
65456 5
65462 45
65463 45
65464 4
65461 45
65466 4
65467 4
65465 56
65475 5
65471 4
65476 5
65473 4
65472 4
65474 4
65477 456
65515 25
65514 456
65513 5
65517 5
65516 5
65511 5
65512 5
65525 1234567
65524 5
65526 5
65522 25
65527 5
65521 25
65523 5
65536 4
65533 26
65535 23567
65534 3456
65531 3456
65537 5
65532 2
65545 6
65546 5
65544 45
65543 5
65547 4
65541 5
65542 5
65554 2456
65551 5
65553 5
65556 5
65555 6
65557 5
65552 12456
65565 4
65566 5
65564 56
65563 5
65561 56
65567 56
65562 56
65575 2345
65573 5
65574 5
65572 5
65571 5
65576 56
65577 5
65614 456
65616 6
65613 6
65611 6
65612 26
65615 5
65617 6
65626 6
65624 46
65625 5
65627 6
65621 2
65623 6
65622 234567
65633 2456
65635 4
65634 346
65636 6
65631 6
65637 6
65632 6
65643 3
65647 6
65645 5
65646 6
65644 6
65641 6
65642 6
65656 6
65657 56
65651 5
65654 5
65655 6
65653 5
65652 5
65664 45
65663 5
65661 123456
65667 1256
65666 5
65665 5
65662 12356
65674 5
65676 6
65673 5
65675 56
65677 6
65671 6
65672 6
65714 4
65713 5
65715 5
65717 45
65716 6
65711 5
65712 5
65724 4
65726 6
65722 5
65725 5
65721 125
65727 35
65723 5
65736 6
65737 235
65734 5
65733 3
65735 5
65731 5
65732 235
65746 6
65743 3
65745 4
65741 4
65744 4
65742 4
65747 4
65754 5
65756 56
65757 5
65752 12567
65751 35
65753 123567
65755 56
65764 4
65761 6
65766 5
65765 56
65763 56
65767 56
65762 56
65774 4
65775 5
65776 6
65773 5
65771 5
65777 5
65772 5
66115 4
66113 4
66114 35
66111 4
66117 4
66112 3
66116 346
66124 5
66122 5
66125 4
66126 5
66127 24
66123 234
66121 4567
66134 34
66137 34
66133 36
66135 57
66131 6
66132 36
66136 3
66143 4
66146 4
66145 4
66141 4
66144 4
66147 4
66142 4
66154 45
66156 5
66152 3
66155 56
66153 3
66157 6
66151 56
66164 36
66165 46
66161 6
66167 56
66163 46
66162 346
66166 3
66174 3
66173 24
66175 35
66172 3
66171 235
66177 346
66176 6
66213 6
66214 57
66212 5
66215 47
66216 5
66211 567
66217 45
66224 35
66223 4
66225 4
66221 4
66227 4
66226 5
66222 3
66234 4
66235 57
66232 2367
66237 6
66233 36
66231 36
66236 6
66245 4
66242 4
66243 4
66246 4
66247 4
66244 4
66241 4
66254 45
66253 26
66252 5
66251 3
66256 5
66255 56
66257 56
66265 46
66264 56
66263 46
66262 2356
66261 346
66267 456
66266 3
66273 4
66274 1
66272 3
66275 35
66271 3
66276 3
66277 3
66315 4
66314 5
66316 6
66312 6
66313 3
66311 3
66317 4
66324 5
66323 3
66325 4
66326 24
66322 3
66321 234
66327 34
66335 4
66334 5
66333 4
66331 245
66332 4
66336 45
66337 4
66345 456
66341 4
66342 4
66343 6
66346 4
66344 4
66347 4
66354 45
66353 3
66356 5
66352 26
66355 5
66351 3
66357 56
66365 4
66364 5
66363 46
66361 46
66367 456
66362 46
66366 5
66375 4
66374 5
66373 4
66372 4
66376 5
66377 34
66371 24
66415 1234567
66414 35
66413 5
66416 35
66417 5
66411 5
66412 57
66425 1234567
66422 5
66424 5
66423 5
66426 357
66421 5
66427 5
66435 7
66436 4
66434 4
66432 4
66437 5
66433 7
66431 34
66445 1234567
66443 5
66447 5
66444 35
66441 5
66442 5
66446 5
66453 45
66452 45
66454 4
66456 4
66451 45
66457 4
66455 56
66465 1234567
66463 5
66467 5
66464 6
66461 36
66462 56
66466 35
66475 3
66473 5
66471 3
66476 4
66474 4
66472 1
66477 46
66514 1234567
66515 4
66513 4
66517 4
66516 4
66511 34
66512 47
66524 1234567
66525 4
66522 4
66523 4
66527 4
66526 3
66521 4
66537 4
66534 7
66535 5
66536 37
66532 57
66531 57
66533 6
66545 5
66543 456
66542 4
66547 4
66541 4
66544 4
66546 4
66554 1234567
66553 4
66555 4
66557 4
66552 347
66556 347
66551 347
66564 1234567
66563 4
66565 6
66567 4
66562 46
66561 46
66566 3
66573 4
66575 5
66574 3
66576 3
66572 35
66571 35
66577 346
66616 35
66613 6
66614 35
66615 4
66617 6
66611 34
66612 5
66626 4
66622 4
66624 357
66623 24
66625 3
66621 5
66627 4
66637 4
66636 34
66634 4
66635 37
66633 4
66631 3
66632 6
66646 4
66643 4
66641 4
66645 4
66647 4
66642 4
66644 4
66656 5
66654 4
66651 5
66655 5
66653 5
66657 5
66652 5
66665 4
66666 2345
66664 5
66663 34
66667 45
66662 3
66661 35
66676 3
66675 3
66674 4
66673 5
66677 6
66671 6
66672 3
66715 4
66714 5
66716 6
66713 4
66717 47
66711 4
66712 45
66725 4
66724 5
66722 4
66726 4
66727 4
66721 24
66723 34
66735 4
66736 4
66734 5
66737 4
66733 4
66731 34
66732 6
66745 4
66747 24
66743 4
66746 4
66742 4
66741 4
66744 4
66754 4
66751 6
66756 5
66755 56
66753 56
66757 56
66752 56
66765 4
66764 5
66767 4
66761 56
66763 456
66766 4
66762 456
66775 4
66776 456
66774 5
66771 4
66777 46
66773 4
66772 1245
67113 4
67114 3
67116 4
67111 346
67115 4
67112 3
67117 36
67124 4
67123 2456
67127 25
67126 26
67121 6
67125 235
67122 2
67134 34
67136 6
67131 6
67132 3
67135 356
67137 3
67133 3
67143 4
67145 4
67146 123567
67147 4
67144 4
67141 4
67142 4
67155 5
67154 4
67152 4
67156 6
67157 2
67151 56
67153 2
67164 3
67163 24
67165 35
67162 3
67161 235
67167 346
67166 6
67173 47
67174 3
67176 7
67177 36
67175 134567
67171 34567
67172 3
67214 4
67213 2
67215 6
67216 6
67217 2
67212 2
67211 6
67225 2
67223 14
67226 3
67224 13
67221 34
67222 3
67227 123
67234 4
67232 26
67236 26
67235 3
67231 3
67233 3
67237 3
67243 4
67246 4
67242 24
67245 4
67247 4
67244 4
67241 4
67254 4
67255 5
67253 3
67251 4
67252 26
67256 6
67257 5
67263 4
67262 3
67264 1
67265 35
67261 3
67266 3
67267 3
67273 4
67275 24567
67274 3
67272 37
67276 267
67271 3
67277 3
67313 346
67315 4
67316 4
67314 5
67317 346
67312 2
67311 6
67325 4
67322 4
67326 4
67324 5
67323 3
67327 2346
67321 2456
67335 4
67336 6
67334 5
67331 4
67332 4
67333 5
67337 56
67345 4
67344 4
67346 7
67343 36
67342 4
67341 4
67347 4
67355 5
67353 6
67356 5
67354 4
67352 3
67357 35
67351 2
67365 4
67364 5
67363 4
67362 4
67366 5
67367 34
67361 24
67373 347
67374 5
67375 4
67372 4
67377 4
67371 47
67376 47
67416 356
67413 5
67415 3
67417 456
67411 6
67414 4
67412 4
67426 35
67425 3
67422 345
67424 45
67423 5
67427 4
67421 4
67433 36
67436 23467
67435 34
67434 4
67432 4
67431 34
67437 4
67445 3
67443 5
67442 13
67446 4
67444 4
67447 4
67441 235
67455 5
67452 4
67451 4
67453 4
67454 4
67456 5
67457 456
67465 3
67463 5
67461 3
67466 4
67464 4
67462 1
67467 46
67473 5
67474 34
67475 3
67476 35
67472 3
67477 3
67471 3
67516 5
67515 5
67513 4
67514 3
67517 346
67512 6
67511 456
67524 3
67523 4
67525 5
67526 35
67522 5
67527 45
67521 235
67534 34
67535 5
67536 6
67532 3
67533 6
67531 356
67537 3
67545 5
67546 567
67543 4
67544 4
67542 4
67541 4
67547 4
67553 4
67554 3
67555 5
67556 5
67551 356
67552 356
67557 5
67564 3
67563 4
67565 5
67566 3
67562 35
67561 35
67567 346
67575 5
67574 3
67573 4
67572 24567
67576 57
67577 456
67571 134567
67614 356
67616 6
67615 5
67613 4
67617 6
67611 6
67612 6
67624 35
67625 35
67626 6
67623 4
67622 56
67627 46
67621 26
67634 23467
67636 6
67637 6
67635 6
67633 3
67631 6
67632 26
67645 567
67643 7
67647 2
67641 123567
67644 24
67642 4
67646 6
67656 6
67654 5
67653 5
67655 56
67657 6
67651 6
67652 6
67664 4
67663 36
67665 5
67667 3
67661 36
67666 35
67662 36
67674 35
67676 6
67673 47
67677 6
67675 57
67671 7
67672 267
67714 456
67713 346
67715 346
67716 6
67717 36
67711 6
67712 2
67724 4
67723 2346
67726 46
67727 4
67722 346
67725 45
67721 25
67734 4
67736 6
67737 34
67731 3
67735 3
67732 3
67733 234
67746 2
67747 4
67745 4
67741 4
67744 4
67743 4
67742 4
67755 5
67753 35
67754 456
67751 2
67757 2567
67756 6
67752 5
67763 34
67764 46
67765 346
67761 346
67767 4
67766 6
67762 3
67774 4
67775 456
67773 4
67776 6
67777 3456
67771 2346
67772 3
