31114 5
31115 4
31113 4
31112 234
31116 3
31111 3
31117 3
31126 3
31124 3
31122 2
31121 3
31123 3
31125 36
31127 3
31135 4
31134 256
31131 346
31132 3
31133 3
31137 3
31136 3
31143 3
31144 4
31145 4
31141 4
31146 4
31147 4
31142 4
31151 3
31154 4
31153 3
31155 5
31152 5
31156 5
31157 5
31164 4
31162 34
31163 3
31165 3
31161 36
31166 36
31167 36
31173 3
31174 5
31175 4
31171 4
31172 245
31176 6
31177 4
31213 3
31214 5
31215 4
31216 12346
31212 13
31211 234
31217 123457
31225 4
31223 3
31224 5
31222 5
31227 35
31226 35
31221 245
31234 5
31235 4
31233 3
31232 3
31237 235
31231 3
31236 235
31243 3
31245 4
31242 123
31244 4
31246 4
31247 4
31241 4
31254 45
31252 2
31253 3
31255 2
31251 5
31256 5
31257 235
31264 5
31265 4
31262 35
31263 3
31266 3
31261 34
31267 356
31272 3
31275 4
31273 3
31274 5
31271 245
31276 2
31277 234
31315 14
31314 5
31313 3
31312 3
31316 3
31311 34
31317 3
31326 3
31325 36
31323 3
31324 3
31322 23
31321 3
31327 3
31335 4
31334 5
31332 245
31331 234567
31333 4
31336 5
31337 3
31345 3
31342 3
31341 3
31344 4
31347 3
31343 3
31346 36
31354 3
31355 3
31353 3
31352 3
31351 3
31357 3
31356 3
31364 2
31365 2345
31362 3
31363 3
31366 3
31361 3
31367 3
31375 4
31374 5
31373 3
31376 346
31372 3
31371 3
31377 3
31415 1234567
31414 5
31413 5
31416 5
31411 5
31412 5
31417 25
31424 4
31426 5
31423 3
31422 3
31425 6
31421 3
31427 24
31435 1234567
31434 5
31432 5
31436 5
31433 5
31437 5
31431 256
31445 1234567
31443 2
31444 5
31442 5
31446 5
31441 5
31447 5
31454 4
31453 3
31455 45
31456 36
31452 45
31451 4
31457 45
31463 2
31462 5
31464 4
31466 34
31465 2
31467 34
31461 4
31474 5
31475 1234567
31473 5
31476 5
31477 2
31472 5
31471 5
31514 1234567
31515 14
31513 14
31512 4
31516 4
31517 14
31511 4
31525 4
31523 36
31526 4
31522 3
31524 6
31521 36
31527 5
31534 1234567
31535 4
31532 4
31533 4
31536 4
31537 4
31531 4
31543 3
31545 5
31544 4
31546 3
31542 4
31541 4
31547 4
31554 1234567
31553 4
31555 4
31552 4
31556 4
31551 4
31557 4
31565 235
31562 4
31563 2345
31564 2
31566 3
31561 3
31567 5
31574 1234567
31575 4
31573 4
31576 4
31572 4
31577 4
31571 4
31613 3
31614 5
31615 4
31612 12346
31611 3
31616 3
31617 3
31623 3
31625 4
31626 3
31624 5
31622 3
31621 3
31627 23456
31635 4
31634 5
31636 1
31633 3
31637 3
31632 235
31631 3
31643 36
31645 3
31644 4
31642 4
31647 4
31646 6
31641 4
31654 36
31655 5
31656 6
31653 3
31657 5
31652 5
31651 5
31664 5
31665 4
31663 3
31662 6
31666 6
31661 3
31667 4
31673 346
31676 4
31675 4
31674 5
31677 346
31672 2
31671 6
31715 14
31714 25
31713 3
31716 3
31717 3
31712 123457
31711 3
31724 24
31726 23456
31723 3
31725 5
31727 234
31722 2
31721 3
31734 5
31733 4
31735 4
31732 235
31736 3
31737 12346
31731 3
31743 3
31747 4
31746 4
31745 4
31744 4
31742 4
31741 4
31754 45
31753 3
31755 5
31757 3
31756 5
31752 235
31751 5
31764 34
31767 3
31763 3
31765 5
31766 6
31762 356
31761 36
31775 4
31774 5
31773 3
31776 34
31777 4
31772 4
31771 4
32116 3
32113 3
32114 234
32112 2
32115 3
32111 3
32117 3
32123 23
32124 2346
32125 35
32122 3
32126 3
32127 234
32121 23
32134 234
32135 2356
32136 34
32131 3
32132 3
32137 3
32133 2
32143 3
32144 4
32145 4
32147 234
32142 4
32146 3
32141 14
32154 245
32153 3
32152 2
32151 5
32155 5
32157 5
32156 5
32164 24
32162 6
32166 3
32163 3
32161 36
32165 35
32167 3
32174 34
32173 3
32171 256
32177 356
32176 2456
32172 2
32175 3
32216 3
32214 3
32215 3
32212 36
32213 23
32211 2
32217 2
32223 3
32224 4
32226 25
32225 236
32222 3
32221 5
32227 23456
32232 3
32231 3
32234 23
32233 2
32235 3
32236 36
32237 3
32244 4
32243 3
32245 45
32246 46
32242 24
32241 4
32247 23
32253 5
32254 5
32255 3
32252 5
32256 2
32251 2
32257 5
32262 6
32264 6
32265 6
32261 6
32266 246
32263 3
32267 26
32272 6
32276 4
32273 3
32274 4
32275 5
32277 4
32271 2
32315 36
32316 3
32313 3
32314 3
32312 23
32311 3
32317 3
32323 3
32324 23
32325 23
32326 23
32321 23
32322 3
32327 23
32336 234
32334 456
32335 2345
32331 3
32332 6
32337 23
32333 26
32344 4
32345 3
32342 3
32343 3
32346 3
32341 3
32347 3
32354 3
32355 2
32356 2356
32352 5
32353 3
32351 3
32357 3
32364 3
32363 3
32365 3
32361 3
32362 3
32366 3
32367 3
32374 4
32375 356
32373 3
32376 3
32372 3
32371 3
32377 3
32414 4
32416 5
32413 3
32412 3
32415 6
32411 3
32417 24
32425 6
32424 4
32426 5
32427 4
32423 23
32422 3
32421 2346
32434 4
32436 5
32435 6
32433 3
32432 23
32431 234
32437 34
32443 4
32446 5
32445 6
32447 4
32444 4
32441 2346
32442 24
32453 3
32454 4
32452 5
32455 2345
32451 245
32456 2345
32457 4
32464 4
32463 3
32466 34
32467 4
32465 4
32461 24
32462 6
32474 4
32473 4
32476 5
32475 6
32471 34
32472 4
32477 4
32515 4
32513 36
32516 4
32512 3
32514 6
32511 36
32517 5
32524 6
32526 4
32523 23
32525 5
32527 35
32522 236
32521 35
32534 6
32536 4
32535 5
32533 5
32531 2356
32532 3
32537 2356
32544 4
32543 3
32545 5
32542 45
32546 3456
32541 4
32547 45
32556 4
32554 6
32553 3
32555 35
32551 2356
32557 5
32552 5
32564 4
32565 5
32562 6
32563 3
32566 2
32567 35
32561 35
32575 3456
32573 356
32576 4
32574 6
32572 5
32577 5
32571 3
32613 3
32615 4
32616 3
32614 5
32612 3
32611 3
32617 23456
32624 5
32626 5
32625 4
32623 23
32622 25
32627 3
32621 3
32634 5
32635 4
32636 3
32633 3
32631 34
32632 36
32637 3
32643 3
32645 3456
32646 467
32644 4
32642 46
32647 4
32641 3
32653 2356
32654 2345
32656 6
32652 2
32655 5
32657 5
32651 5
32662 3
32666 24
32663 3
32665 4
32664 5
32661 234
32667 34
32675 4
32676 4
32672 4
32674 5
32673 3
32677 2346
32671 2456
32714 24
32716 23456
32713 3
32715 5
32717 234
32712 2
32711 3
32724 4
32725 35
32726 3
32723 23
32727 2
32721 234
32722 3
32734 34
32736 3
32731 3
32737 236
32735 2356
32732 3
32733 23
32743 3
32744 4
32746 4
32745 45
32742 23
32747 24
32741 234
32753 3
32754 4
32752 5
32756 5
32755 5
32751 5
32757 35
32764 4
32765 35
32763 3
32762 26
32761 3
32766 236
32767 3
32776 6
32774 4
32773 3
32775 3456
32777 236
32772 2
32771 3
33115 4
33113 4
33112 4
33111 23
33114 2
33116 24
33117 23
33124 234
33125 2356
33126 34
33121 3
33122 3
33127 3
33123 2
33132 4
33134 2
33136 34
33131 3
33135 34
33133 4
33137 34
33145 4
33143 4
33142 34
33144 4
33147 4
33141 3
33146 34
33152 4
33154 2
33155 5
33153 5
33156 5
33151 34
33157 35
33162 4
33164 2
33161 34
33165 3
33166 23
33163 4
33167 3
33172 4
33173 4
33171 4
33176 4
33177 6
33174 2
33175 4
33215 4
33214 5
33213 3
33212 3
33217 235
33211 3
33216 235
33224 1234567
33225 4
33223 4
33221 4
33226 145
33222 145
33227 145
33234 1234567
33231 4
33235 4
33236 1345
33232 34
33233 145
33237 1345
33245 35
33244 34
33241 34
33242 23
33243 4
33246 4
33247 4
33254 1
33251 4
33252 235
33253 35
33255 5
33257 5
33256 5
33264 1234567
33265 4
33263 4
33261 4
33262 145
33266 4
33267 145
33274 1234567
33271 4
33273 4
33272 14
33275 4
33277 4
33276 4
33315 4
33314 5
33313 456
33312 3
33317 4
33316 3
33311 3
33323 46
33325 5
33326 3
33322 2
33324 3
33321 2
33327 23
33335 4
33334 25
33332 4
33333 4
33336 5
33331 4
33337 4
33341 4
33345 4
33343 4
33342 4
33346 4
33344 4
33347 4
33354 3
33353 5
33352 35
33351 5
33355 135
33357 5
33356 5
33362 4
33364 2
33365 35
33363 125
33366 3
33361 4
33367 23
33374 25
33373 45
33372 4
33375 4
33371 4
33376 5
33377 4
33415 1234567
33414 5
33412 5
33416 5
33413 5
33417 5
33411 256
33424 4
33426 5
33425 6
33423 3
33422 23
33421 234
33427 34
33435 1234567
33432 1234567
33436 5
33437 23
33431 2
33434 3
33433 5
33445 1234567
33442 1234567
33447 25
33446 5
33443 25
33441 2
33444 5
33454 4
33452 1
33456 4
33453 3
33451 2
33455 5
33457 45
33462 1234567
33464 5
33465 2
33461 2
33463 2
33466 2
33467 2
33475 1234567
33472 1234567
33474 5
33473 25
33476 5
33477 25
33471 2
33514 1234567
33515 4
33512 4
33513 4
33516 4
33517 4
33511 4
33526 4
33524 6
33525 5
33523 5
33521 2356
33522 3
33527 2356
33534 1234567
33532 4
33536 4
33535 3
33533 4
33531 34
33537 34
33545 5
33541 4
33544 3
33543 4
33546 45
33542 35
33547 4
33554 1234567
33556 4
33552 4
33551 4
33557 4
33553 4
33555 4
33562 4
33564 2
33565 5
33563 35
33567 2356
33561 3
33566 3
33574 1234567
33575 4
33573 4
33576 4
33572 4
33577 4
33571 4
33614 5
33615 4
33613 3
33616 1
33617 3
33612 235
33611 3
33624 5
33625 4
33626 3
33623 3
33621 34
33622 36
33627 3
33635 4
33634 5
33633 4
33631 34
33636 3
33632 1345
33637 235
33642 4
33645 45
33641 34
33644 34
33643 4
33646 6
33647 4
33654 4
33651 5
33656 3
33655 5
33653 5
33657 35
33652 5
33664 5
33665 4
33663 4
33661 245
33662 4
33666 45
33667 4
33675 4
33676 6
33674 5
33671 4
33672 4
33673 5
33677 56
33714 5
33713 4
33715 4
33712 235
33716 3
33717 12346
33711 3
33724 34
33727 236
33725 2356
33726 3
33721 3
33722 3
33723 23
33734 23
33736 235
33731 34
33735 34
33732 1345
33737 3
33733 2
33745 4
33743 4
33741 4
33747 4
33746 4
33742 4
33744 34
33754 45
33751 35
33755 5
33752 5
33753 5
33757 5
33756 35
33765 2356
33764 2
33762 145
33761 3
33767 2346
33766 23
33763 23
33775 4
33771 234
33774 2
33777 4
33773 4
33772 4
33776 34
34113 3
34111 4
34115 345
34116 4
34114 4
34117 4
34112 4
34123 3
34124 4
34125 4
34127 234
34122 4
34121 14
34126 3
34134 4
34135 4
34132 34
34133 4
34131 3
34136 34
34137 4
34142 23467
34145 345
34143 34
34146 346
34141 45
34147 134
34144 3
34154 46
34156 3
34153 3
34155 5
34157 5
34151 45
34152 45
34164 45
34162 4
34163 6
34166 3
34161 34
34165 34
34167 46
34174 4
34173 36
34171 34
34176 4
34175 4
34172 4
34177 4
34213 3
34212 123
34215 4
34214 4
34217 4
34216 4
34211 4
34223 3
34226 4
34225 234
34227 4
34221 4
34224 4
34222 4
34232 23
34231 34
34235 35
34236 4
34233 4
34234 34
34237 4
34243 4
34246 34
34245 45
34242 4
34241 23467
34244 4
34247 234
34253 3
34252 45
34256 4
34255 5
34251 45
34254 4
34257 5
34265 2345
34263 3
34264 4
34262 4
34267 4
34266 23
34261 4
34272 6
34275 5
34273 3
34274 4
34271 4
34276 4
34277 4
34315 3
34312 3
34314 4
34311 3
34317 3
34313 3
34316 36
34324 4
34322 3
34325 3
34323 3
34326 3
34321 3
34327 3
34334 4
34335 345
34332 234
34336 4
34331 4
34337 4
34333 4
34345 4
34342 4
34343 3
34346 4
34341 34
34347 4
34344 3
34354 4
34355 3
34352 3
34357 3
34356 6
34353 3
34351 3
34364 4
34363 3
34365 3
34362 3
34361 6
34366 3
34367 3
34374 4
34375 3
34373 3
34372 3
34371 36
34376 36
34377 3
34415 4
34414 34
34413 4
34416 4
34412 4
34417 4
34411 4
34425 4
34422 4
34423 4
34424 1234
34421 4
34427 4
34426 4
34431 4
34435 3
34434 134567
34433 4
34432 34
34436 34
34437 34
34443 4
34445 4
34446 4
34442 4
34444 3467
34447 4
34441 3
34453 4
34454 36
34451 46
34456 4
34457 4
34455 45
34452 4
34465 4
34464 3457
34466 4
34463 4
34461 45
34462 4
34467 4
34474 3467
34473 4
34475 4
34471 4
34472 4
34476 4
34477 4
34515 5
34513 3
34514 4
34516 3
34512 4
34511 4
34517 4
34524 4
34523 3
34525 5
34526 3456
34522 45
34521 4
34527 45
34535 5
34537 4
34533 4
34532 35
34531 4
34536 45
34534 3
34543 4
34546 34
34542 45
34545 4
34544 345
34541 345
34547 345
34553 3
34557 4
34551 4
34554 5
34555 4
34556 35
34552 34
34564 4
34565 5
34563 3
34566 34
34562 2345
34567 4
34561 34
34575 5
34573 3
34574 4
34576 4
34572 5
34571 4
34577 4
34614 4
34613 36
34615 3
34616 6
34611 4
34612 4
34617 4
34625 3456
34626 467
34622 46
34623 3
34624 4
34627 4
34621 3
34635 45
34633 4
34636 6
34632 4
34634 34
34631 34
34637 4
34642 34
34645 34
34643 4
34646 46
34641 346
34644 46
34647 346
34656 3
34653 6
34654 4
34655 5
34651 3
34657 3
34652 4
34665 456
34666 4
34664 4
34663 6
34661 4
34667 4
34662 4
34675 4
34673 36
34674 4
34676 7
34672 4
34671 4
34677 4
34717 4
34713 3
34714 4
34716 4
34715 4
34712 4
34711 4
34723 3
34724 4
34726 4
34721 234
34727 24
34722 23
34725 45
34733 4
34735 4
34737 4
34731 4
34736 4
34732 4
34734 34
34743 4
34742 234
34745 345
34747 34
34746 346
34741 134
34744 3
34754 4
34753 3
34751 5
34756 3
34755 45
34757 4
34752 5
34762 4
34765 4
34764 4
34766 4
34767 34
34763 3
34761 46
34777 4
34775 345
34773 3
34776 4
34772 4
34774 4
34771 4
35115 34
35114 2
35113 3
35112 4
35116 3
35111 4
35117 5
35124 245
35122 2
35123 3
35121 5
35125 5
35127 5
35126 5
35132 4
35134 2
35133 5
35135 5
35136 5
35131 34
35137 35
35144 46
35146 3
35145 5
35143 3
35142 45
35147 5
35141 45
35152 4
35154 2
35151 4
35153 3
35155 235
35156 235
35157 4
35162 4
35164 2
35163 245
35165 4
35166 3
35161 45
35167 23
35172 4
35174 2
35173 24
35175 4
35177 23
35171 4
35176 2
35214 45
35212 2
35213 3
35216 5
35211 5
35215 2
35217 235
35224 1
35221 4
35223 3
35222 15
35227 13
35226 13
35225 2
35234 1
35231 4
35232 235
35233 35
35235 5
35237 5
35236 5
35242 45
35243 3
35246 4
35241 45
35245 5
35247 5
35244 4
35251 4
35254 1
35252 35
35255 3
35253 3
35256 135
35257 3
35261 4
35264 1
35263 3
35262 134
35266 3
35265 5
35267 13
35271 4
35273 3
35272 4
35275 4
35274 1
35276 3
35277 24
35314 3
35315 3
35313 3
35312 3
35311 3
35317 3
35316 3
35324 3
35325 2
35326 2356
35322 5
35323 3
35321 3
35327 3
35334 45
35335 3
35331 2
35332 1245
35333 5
35337 5
35336 5
35344 4
35347 3
35342 3
35345 3
35346 6
35343 3
35341 3
35354 3
35352 3
35353 3
35351 3
35355 3
35356 3
35357 3
35364 145
35363 3
35361 245
35366 34
35362 3
35365 3
35367 35
35374 145
35375 4
35372 3
35373 3
35376 6
35371 24
35377 3
35413 3
35415 45
35412 45
35414 4
35416 36
35411 4
35417 45
35423 3
35424 4
35425 2345
35422 5
35421 245
35426 2345
35427 4
35434 4
35432 1
35436 4
35431 2
35433 3
35435 5
35437 45
35443 3
35442 1
35441 2
35446 4
35444 5
35447 5
35445 45
35451 2
35452 1
35453 3
35455 4
35454 45
35457 45
35456 46
35463 145
35461 2
35464 4
35462 1
35466 4
35465 4
35467 5
35473 145
35471 2
35475 1234
35474 4
35472 1
35477 4
35476 4
35513 3
35515 2356
35514 45
35516 5
35517 5
35512 2
35511 5
35525 2
35524 2345
35523 2
35522 3
35526 5
35521 5
35527 5
35535 3
35531 5
35533 135
35534 5
35536 5
35537 5
35532 5
35545 4
35543 3
35544 45
35546 5
35541 5
35547 45
35542 5
35553 5
35554 4
35552 4
35555 3
35556 5
35551 45
35557 35
35564 4
35561 4
35565 345
35562 5
35563 3
35566 6
35567 3
35573 4
35575 2345
35574 1234
35572 4
35571 4
35576 5
35577 45
35614 36
35615 5
35616 6
35613 3
35617 5
35612 5
35611 5
35623 2356
35624 2345
35622 2
35626 6
35625 5
35627 5
35621 5
35634 4
35631 5
35636 3
35635 5
35633 5
35637 35
35632 5
35643 6
35646 3
35644 4
35645 5
35642 4
35641 3
35647 3
35652 135
35656 5
35654 46
35651 235
35653 3
35655 35
35657 123567
35664 45
35663 3
35662 26
35666 5
35661 3
35665 5
35667 56
35673 6
35674 4
35675 5
35676 5
35672 3
35677 35
35671 2
35713 3
35714 45
35715 5
35716 5
35717 3
35711 5
35712 235
35724 4
35723 3
35722 5
35726 5
35721 5
35725 5
35727 35
35734 45
35735 5
35731 35
35733 5
35737 5
35732 5
35736 35
35744 4
35743 3
35745 45
35741 5
35746 3
35742 5
35747 4
35754 45
35752 3
35757 3
35751 4
35755 3
35753 3
35756 123567
35764 5
35765 3
35763 35
35761 23
35766 6
35767 3
35762 13
35774 4
35773 35
35775 5
35777 5
35776 5
35771 5
35772 135
36112 4
36114 2
36116 4
36113 3
36115 2345
36117 2
36111 234
36124 24
36126 3
36121 36
36123 3
36122 6
36125 35
36127 3
36134 2
36132 4
36131 34
36135 3
36136 23
36137 3
36133 4
36144 45
36143 6
36142 4
36146 3
36145 34
36141 34
36147 46
36152 4
36154 2
36153 245
36155 4
36156 3
36151 45
36157 23
36162 4
36164 2
36165 35
36163 4
36166 2
36161 234
36167 34
36172 4
36174 2
36173 4
36171 4
36176 4
36177 3
36175 3
36215 4
36214 5
36212 35
36213 3
36216 3
36211 34
36217 356
36224 1234567
36223 4
36226 4
36225 4
36221 4
36222 5
36227 4
36234 1234567
36235 4
36233 4
36231 4
36232 145
36236 4
36237 145
36243 3
36244 4
36242 4
36246 23
36245 2345
36247 4
36241 4
36251 4
36254 1
36253 3
36252 134
36256 3
36255 5
36257 13
36264 1234567
36263 4
36262 46
36265 4
36266 4
36261 4
36267 14
36274 1234567
36272 4
36271 4
36273 4
36276 4
36275 4
36277 4
36314 2
36315 2345
36313 3
36312 3
36316 3
36311 3
36317 3
36324 3
36323 3
36325 3
36321 3
36322 3
36326 3
36327 3
36334 2
36332 4
36335 23456
36331 3
36336 3
36333 25
36337 3
36344 4
36342 3
36343 3
36345 3
36341 6
36346 3
36347 3
36354 145
36353 3
36351 245
36356 34
36352 3
36355 3
36357 35
36363 3
36364 2
36362 4
36365 3
36361 4
36366 3
36367 3
36373 3
36372 4
36374 2
36371 4
36375 4
36377 3
36376 3
36412 5
36413 2
36414 4
36416 34
36415 2
36417 34
36411 4
36424 4
36423 3
36427 4
36426 34
36425 4
36421 24
36422 6
36432 1234567
36434 5
36435 2
36431 2
36433 2
36436 2
36437 2
36442 1234567
36443 2
36444 2
36445 2
36446 2
36447 2
36441 2
36453 145
36451 2
36454 4
36456 4
36452 1
36455 4
36457 5
36462 1234567
36464 2
36463 2
36465 2
36466 2
36461 2
36467 2
36472 1234567
36474 2
36473 2
36471 2
36476 2
36475 2
36477 2
36515 235
36512 4
36513 2345
36514 2
36516 3
36511 3
36517 5
36524 4
36525 5
36522 6
36526 2
36523 3
36527 35
36521 35
36534 2
36532 4
36535 5
36533 35
36537 2356
36531 3
36536 3
36544 4
36545 5
36543 3
36542 2345
36546 34
36547 4
36541 34
36552 4
36554 2
36555 3
36553 3
36557 2356
36556 5
36551 2356
36564 2
36562 4
36563 3
36561 35
36565 56
36566 256
36567 35
36575 25
36573 4
36572 4
36576 5
36574 2
36577 25
36571 3
36612 3
36613 3
36614 34
36616 3
36615 3
36611 36
36617 6
36626 3
36624 34
36622 246
36621 3
36625 2
36623 3
36627 236
36634 2
36632 4
36631 23
36635 3
36633 3
36636 236
36637 23
36644 4
36646 34567
36645 34
36642 23
36643 3
36641 3
36647 4
36654 4
36653 34
36656 3
36652 3
36655 6
36651 3
36657 6
36664 25
36662 4
36666 125
36663 6
36661 2
36665 256
36667 2
36672 4
36676 24
36675 5
36674 2
36671 4
36673 3
36677 3
36714 34
36715 5
36717 3
36713 3
36716 6
36712 356
36711 36
36724 4
36725 35
36723 3
36721 3
36722 26
36726 236
36727 3
36732 145
36734 2
36735 2356
36731 3
36737 2346
36736 23
36733 23
36745 4
36744 4
36742 4
36746 4
36747 34
36743 3
36741 46
36754 5
36753 35
36755 3
36756 6
36751 23
36752 13
36757 3
36764 2
36762 14
36765 35
36761 34
36767 3
36766 26
36763 3
36774 2
36772 4
36775 5
36777 2346
36773 3
36771 2
36776 2345
37113 4
37114 2
37115 4
37111 4
37112 4
37116 4
37117 4
37124 34
37123 3
37121 256
37127 356
37126 2456
37122 2
37125 3
37132 4
37133 4
37136 4
37131 4
37137 6
37134 2
37135 4
37144 4
37141 34
37143 36
37142 4
37145 4
37146 4
37147 4
37152 4
37154 2
37153 24
37155 4
37151 4
37157 23
37156 2
37162 4
37164 2
37163 4
37161 4
37166 4
37167 3
37165 3
37173 47
37174 2
37175 47
37172 4
37176 47
37171 47
37177 4
37212 3
37215 4
37213 3
37214 5
37211 245
37216 2
37217 234
37224 1234567
37223 4
37225 4
37221 4
37222 4
37227 45
37226 14
37234 1234567
37231 4
37233 4
37235 4
37232 14
37237 4
37236 4
37242 6
37245 5
37243 3
37244 4
37241 4
37246 4
37247 4
37251 4
37253 3
37252 4
37255 4
37254 1
37256 3
37257 24
37264 1234567
37262 4
37261 4
37263 4
37266 4
37265 4
37267 4
37274 1234567
37273 47
37272 4
37271 4
37275 4
37277 4
37276 4
37315 4
37314 5
37313 3
37316 346
37312 3
37311 3
37317 3
37324 4
37325 356
37323 3
37326 3
37322 3
37321 3
37327 3
37334 5
37335 4
37332 4
37336 4
37331 4
37333 4
37337 34
37344 4
37345 3
37343 3
37342 3
37341 36
37346 36
37347 3
37354 145
37355 4
37352 3
37353 3
37356 6
37351 24
37357 3
37363 3
37362 4
37364 2
37361 4
37365 4
37367 3
37366 3
37373 3
37374 257
37372 47
37375 47
37371 47
37376 347
37377 4
37415 1234567
37414 5
37413 5
37416 5
37417 2
37412 5
37411 5
37424 4
37423 4
37426 5
37425 6
37421 34
37422 4
37427 4
37432 1234567
37435 1234567
37434 5
37433 25
37436 5
37437 25
37431 2
37445 1234567
37442 1234567
37443 2
37444 25
37446 5
37447 5
37441 2
37453 145
37451 2
37455 1234
37454 4
37452 1
37457 4
37456 4
37462 1234567
37464 2
37463 2
37461 2
37466 2
37465 2
37467 2
37475 1234567
37474 5
37472 1234567
37473 257
37471 2
37476 5
37477 25
37514 1234567
37515 4
37513 4
37516 4
37512 4
37517 4
37511 4
37525 3456
37523 356
37526 4
37524 6
37522 5
37527 5
37521 3
37534 1234567
37535 4
37533 4
37532 4
37536 4
37537 4
37531 4
37543 3
37545 5
37546 4
37544 4
37542 5
37547 4
37541 4
37554 1234567
37553 4
37556 4
37555 4
37552 4
37551 4
37557 4
37565 25
37563 4
37562 4
37566 5
37564 2
37567 25
37561 3
37574 1234567
37573 47
37575 47
37571 47
37572 4
37576 4
37577 4
37614 5
37613 346
37616 4
37615 4
37617 346
37612 2
37611 6
37625 4
37626 4
37622 4
37623 3
37624 5
37627 2346
37621 2456
37635 4
37636 6
37634 5
37631 4
37633 5
37632 4
37637 56
37645 4
37646 7
37643 36
37644 4
37642 4
37641 4
37647 4
37654 4
37653 6
37655 5
37656 5
37652 3
37657 35
37651 2
37665 4
37664 5
37663 4
37662 4
37666 5
37667 34
37661 24
37673 347
37674 5
37675 4
37677 4
37672 4
37671 47
37676 47
37715 4
37714 2
37713 3
37717 4
37716 346
37712 234
37711 4
37726 2346
37727 3
37722 4
37724 4
37721 356
37725 5
37723 3
37737 5
37734 25
37731 6
37732 4
37735 4
37733 4
37736 56
37747 4
37745 4
37742 4
37744 4
37746 4
37741 4
37743 3
37754 4
37755 45
37757 3
37756 35
37753 3
37751 23
37752 24
37762 4
37767 234
37761 3
37763 3
37764 2
37765 25
37766 3
37774 5
37775 4
37772 4
37773 3
37777 45
37776 4
37771 4
