4113 167
4114 4
4111 34
4112 6
4117 1235
4115 5
4116 6
4124 3457
4122 4
4125 2
4126 4
4121 45
4123 24
4127 2
4134 5
4131 5
4135 5
4137 5
4132 26
4133 5
4136 2346
4141 45
4145 4
4142 45
4146 4
4143 4
4147 345
4144 4
4151 36
4153 35
4157 3
4155 36
4154 36
4152 6
4156 5
4164 5
4165 6
4161 5
4162 5
4166 5
4163 347
4167 6
4173 6
4177 45
4171 5
4175 7
4172 2456
4174 4
4176 6
4213 2
4215 2
4212 1
4211 4
4214 4
4216 4
4217 2
4222 4
4223 1267
4225 4
4224 24
4221 2567
4227 4
4226 4
4232 3
4235 5
4234 246
4231 26
4233 23
4236 6
4237 3
4243 4
4246 4
4245 4
4241 45
4242 45
4247 4
4244 46
4252 6
4253 5
4254 6
4255 6
4257 2456
4256 2
4251 6
4262 5
4264 5
4265 6
4261 5
4266 5
4263 4
4267 4
4272 4
4273 2
4275 25
4274 4
4277 4
4276 4
4271 2456
4313 4
4315 3
4314 4
4312 2
4316 36
4317 1
4311 6
4323 4
4324 24
4326 2
4325 3
4322 4
4327 2
4321 24
4335 235
4331 356
4332 3
4336 5
4334 4
4333 34
4337 3
4342 4
4343 4
4345 4
4346 4
4341 4
4347 4
4344 4
4353 4
4351 35
4354 367
4357 3
4356 3
4355 34567
4352 5
4363 367
4364 4
4365 5
4362 4
4367 6
4366 7
4361 347
4374 4
4373 36
4375 5
4372 2
4377 3
4376 6
4371 6
4414 3
4415 4
4413 4
4411 4
4417 4
4416 4
4412 4
4422 3
4423 24
4426 3
4424 3
4425 4
4421 3457
4427 3
4433 25
4431 5
4434 25
4435 125
4437 25
4432 246
4436 2
4445 45
4443 34
4447 3
4442 4
4446 4
4441 5
4444 4
4457 3
4455 36
4454 36
4453 367
4451 36
4452 6
4456 246
4466 5
4465 46
4462 5
4463 4
4464 5
4461 5
4467 1345
4474 5
4473 4
4475 4
4472 4
4477 4
4476 4
4471 4
4514 4
4513 3
4515 25
4511 5
4512 2
4516 6
4517 2
4523 3
4524 4
4525 125
4526 4
4522 1
4521 2
4527 145
4534 125
4537 35
4535 4
4532 5
4531 5
4533 12345
4536 3
4546 4
4543 4
4542 4
4545 4
4541 4
4547 4
4544 4
4557 235
4553 356
4554 4
4556 5
4552 3
4555 45
4551 5
4565 4
4564 46
4563 5
4562 6
4561 6
4566 4
4567 46
4575 4
4573 5
4574 4
4572 25
4576 6
4577 2
4571 7
4616 4
4613 36
4615 6
4611 4
4614 4
4612 4
4617 2346
4626 3
4624 3
4622 3
4627 3
4623 2
4621 4
4625 4
4636 2
4633 2
4634 2
4635 3
4632 6
4631 2346
4637 2
4642 4
4645 4
4643 4
4647 34
4641 4
4646 34
4644 24
4656 5
4653 3
4654 246
4655 56
4652 2
4651 5
4657 26
4665 1267
4663 4
4666 4
4664 46
4662 4
4661 4
4667 1236
4673 6
4675 6
4676 7
4677 4
4672 4
4674 4
4671 6
4717 3
4715 2
4713 1
4711 34
4714 4
4716 2346
4712 2
4726 3
4723 2
4724 3
4727 3
4722 3
4725 145
4721 2
4737 25
4735 35
4733 25
4731 5
4734 25
4732 3
4736 2
4747 34
4746 34
4743 4
4742 4
4745 4
4744 4
4741 345
4754 3
4751 3
4757 3
4753 3
4752 2456
4756 26
4755 3
4764 1345
4766 4
4767 34
4763 6
4762 4
4761 6
4765 46
4774 4
4775 127
4777 45
4771 3567
4772 2
4776 2
4773 3