21113 234
21114 4
21115 4
21112 2
21111 2345
21116 5
21117 2456
21125 45
21124 24
21123 245
21127 245
21121 4
21122 2
21126 5
21134 234
21135 35
21132 2
21133 3
21131 1236
21137 6
21136 3
21142 6
21145 4
21141 4
21143 4
21147 4
21146 4
21144 4
21152 2
21154 4
21151 45
21153 5
21157 5
21155 456
21156 5
21161 4
21165 2456
21164 4
21162 24
21163 34
21166 245
21167 36
21175 245
21174 234
21173 245
21171 25
21172 2
21177 2
21176 6
21214 35
21215 14
21212 2
21213 13
21211 2
21217 1
21216 126
21225 25
21224 4
21223 3
21222 35
21227 25
21221 5
21226 25
21232 2
21235 3
21234 3
21233 23
21231 2
21237 2
21236 2
21241 6
21243 123
21245 1
21247 123567
21244 46
21246 4
21242 2
21252 2
21254 12456
21253 2
21255 5
21251 2
21257 2
21256 26
21262 2
21264 35
21263 35
21265 4
21266 23
21261 24
21267 26
21274 235
21273 3
21272 2
21275 4
21277 2
21271 2
21276 2
21313 3
21315 4
21314 5
21316 12346
21311 234
21312 13
21317 123457
21324 5
21325 4
21323 3
21322 5
21327 35
21326 35
21321 245
21335 4
21334 5
21332 3
21333 3
21337 235
21331 3
21336 235
21343 3
21342 123
21345 4
21346 4
21344 4
21347 4
21341 4
21354 45
21353 3
21352 2
21355 2
21356 5
21351 5
21357 235
21364 5
21365 4
21362 35
21363 3
21366 3
21361 34
21367 356
21373 3
21372 3
21375 4
21374 5
21371 245
21376 2
21377 234
21414 45
21415 3
21413 5
21416 5
21412 35
21417 5
21411 5
21423 5
21425 3
21422 4
21427 5
21424 4
21426 7
21421 24
21437 4
21433 3
21435 4
21436 4
21432 3
21434 4
21431 234
21443 5
21445 3
21446 57
21442 4
21444 4
21441 4
21447 356
21452 12456
21453 45
21455 25
21454 4
21456 4
21451 4
21457 45
21462 35
21463 5
21466 345
21465 3
21464 34
21461 4
21467 4
21472 235
21475 3
21473 5
21477 2
21474 4
21471 234
21476 4
21515 145
21514 3
21513 4
21517 14
21512 14
21516 4
21511 4
21523 4
21524 3
21525 4
21526 4
21522 3
21521 45
21527 46
21535 2
21534 4
21533 3
21532 3
21536 5
21531 35
21537 6
21543 4
21545 25
21542 1
21544 4
21546 4
21547 4
21541 4
21553 4
21554 3
21552 2
21555 3
21557 4
21556 4
21551 23
21563 4
21566 4
21564 3
21562 4
21565 5
21561 2456
21567 2346
21575 245
21574 3
21573 4
21572 4
21571 245
21576 6
21577 2
21614 5
21613 12346
21615 4
21616 15
21612 126
21617 5
21611 5
21625 4
21624 7
21626 5
21623 35
21627 5
21622 5
21621 5
21634 4
21633 3
21637 4
21635 5
21636 26
21632 2
21631 3
21646 46
21643 4
21645 4
21642 4
21641 4
21647 4
21644 4
21654 4
21653 5
21652 26
21656 26
21655 5
21657 5
21651 5
21663 6
21664 57
21662 5
21665 47
21666 5
21661 567
21667 45
21674 4
21673 2
21675 6
21676 6
21672 2
21677 2
21671 6
21715 14
21714 5
21713 123457
21712 1
21717 12345
21711 25
21716 5
21724 5
21725 46
21723 35
21722 2
21727 356
21726 5
21721 245
21734 4
21733 3
21736 4
21732 2
21731 6
21735 6
21737 23
21744 4
21742 123567
21745 4
21743 4
21747 4
21741 4
21746 4
21754 45
21752 2
21757 2
21755 5
21753 235
21756 5
21751 5
21764 4
21765 2346
21763 356
21766 6
21762 26
21761 36
21767 2
21772 4
21775 4
21774 5
21777 245
21773 4
21771 25
21776 5
22113 4
22114 3
22112 234
22117 4
22115 4
22111 24
22116 3467
22124 3
22123 4
22121 4
22127 23
22122 4
22125 234
22126 234
22134 4
22137 2
22132 3
22133 23
22135 23
22131 23
22136 23
22145 4
22141 46
22143 4
22147 4
22142 4
22144 4
22146 4
22153 4
22154 3
22152 4
22155 4
22151 4
22157 45
22156 2
22163 4
22164 3
22166 4
22162 4
22161 4
22167 46
22165 45
22173 4
22174 3
22172 2
22175 4
22171 14
22177 4
22176 34
22213 5
22215 3
22214 4
22212 5
22217 2
22211 2
22216 5
22224 3
22223 4
22222 3456
22221 34
22225 45
22226 5
22227 35
22232 3
22234 4
22233 3
22237 3
22231 3
22235 3
22236 3
22245 4
22242 4
22247 4
22241 4
22243 4
22246 4
22244 4
22254 4
22251 4
22252 45
22253 15
22255 4
22257 5
22256 2
22262 4
22266 4
22263 5
22264 135
22265 46
22261 4
22267 3
22272 35
22274 35
22275 2
22271 2
22273 4
22277 45
22276 3
22315 4
22314 5
22313 3
22312 5
22317 35
22316 35
22311 245
22324 1234567
22325 4
22323 2
22321 4
22327 24
22326 24
22322 5
22334 1234567
22335 4
22333 4
22331 4
22336 145
22332 145
22337 145
22343 3
22345 234
22347 4
22341 4
22346 4
22344 4
22342 4
22354 1
22351 4
22352 15
22353 3
22357 13
22356 13
22355 2
22364 1234567
22363 4
22366 4
22365 4
22361 4
22362 5
22367 4
22374 1234567
22373 4
22375 4
22371 4
22372 4
22377 45
22376 14
22413 5
22415 3
22412 4
22417 5
22414 4
22416 7
22411 24
22423 1234567
22425 3
22421 3
22424 2
22422 35
22427 25
22426 23
22436 34
22435 34
22432 4
22434 4
22437 34
22431 4
22433 23
22443 1234567
22445 3
22441 3
22444 35
22447 3
22446 3
22442 3
22453 1
22451 3
22452 4
22454 4
22456 4
22455 1
22457 45
22463 1234567
22466 3
22464 3
22465 3
22462 135
22467 3
22461 3
22473 1234567
22474 35
22475 3
22472 35
22471 3
22477 3
22476 13
22513 4
22514 3
22515 4
22516 4
22512 3
22511 45
22517 46
22523 4
22524 3
22525 24
22527 24
22522 3
22526 24
22521 234
22534 34
22535 5
22536 26
22532 3
22537 5
22533 3
22531 23
22547 4
22543 234
22545 2
22546 4
22542 4
22541 4
22544 4
22554 3
22553 4
22555 4
22556 4
22557 346
22552 34
22551 4
22565 5
22563 4
22564 3
22566 5
22562 46
22567 456
22561 45
22574 3
22573 4
22575 5
22572 2
22576 2
22571 4
22577 5
22615 4
22616 5
22614 7
22613 35
22617 5
22612 5
22611 5
22626 2356
22623 24
22624 23
22625 24
22627 245
22622 5
22621 234
22634 34
22636 3
22635 26
22637 5
22632 3
22633 23
22631 23
22646 4
22643 4
22645 4
22642 4
22647 4
22641 4
22644 4
22654 4
22656 1256
22653 13
22651 2
22655 25
22657 25
22652 2
22664 35
22665 4
22663 4
22661 4
22662 3
22666 5
22667 4
22675 2
22676 3
22674 13
22673 14
22671 34
22672 3
22677 123
22714 5
22715 46
22713 35
22716 5
22717 356
22712 2
22711 245
22723 24
22724 25
22721 23
22727 2
22725 24
22726 245
22722 5
22734 34
22735 5
22732 3
22736 5
22733 23
22731 2
22737 23
22745 4
22743 4
22742 4
22747 4
22744 4
22746 4
22741 4
22751 45
22754 45
22753 13
22755 25
22757 2
22752 5
22756 25
22766 3
22764 3
22763 4
22762 3
22761 46
22767 1234
22765 456
22773 4
22775 4
22774 35
22771 4
22777 4
22776 5
22772 245
23114 4
23113 3
23115 3
23112 2
23111 3
23117 3
23116 3
23122 3
23124 4
23123 23
23127 2
23121 23
23125 23
23126 23
23132 23
23134 3
23131 3
23136 12367
23137 35
23135 123567
23133 23
23142 2
23145 5
23143 4
23144 4
23146 4
23147 4
23141 4
23153 3
23152 2
23154 3
23155 5
23151 356
23157 3
23156 356
23164 4
23163 3
23162 2
23166 3
23167 367
23161 35
23165 3
23174 4
23175 3
23171 34
23172 2
23176 3
23177 3
23173 3
23212 2
23215 3
23214 3
23213 23
23211 2
23217 2
23216 2
23224 34
23227 234567
23221 2367
23225 3
23226 23567
23222 3
23223 3
23237 3
23232 2
23234 3
23235 3
23233 2
23231 23
23236 3
23243 3
23241 2
23242 2
23245 5
23244 2
23246 2
23247 2
23253 4
23254 245
23252 2
23255 2346
23257 2
23251 2
23256 2
23262 2
23263 3
23264 24
23267 6
23265 2
23261 2
23266 123456
23274 234
23272 2
23275 2
23276 26
23271 2
23277 2
23273 3
23313 3456
23315 3
23314 3
23317 3
23316 3
23311 3
23312 23
23323 4
23322 3
23324 23
23327 23
23321 23
23325 3
23326 23
23334 2346
23337 3
23335 3
23333 2
23331 3
23336 23467
23332 3
23342 3
23343 2
23344 34
23345 3
23347 3
23346 3
23341 4
23352 4
23353 12356
23354 2345
23355 26
23357 2345
23351 3
23356 6
23363 1234567
23362 3
23364 3
23366 36
23361 3
23367 36
23365 3
23373 36
23374 234
23375 3
23371 3
23376 3
23377 3
23372 3
23417 4
23413 3
23414 4
23416 4
23415 4
23412 3
23411 234
23425 34
23426 34
23422 4
23424 4
23427 34
23421 4
23423 23
23433 3
23434 34
23431 3
23435 24
23437 4
23432 3
23436 4
23446 34
23445 4
23447 34
23444 3
23442 4
23443 4
23441 4
23452 245
23455 4
23453 2345
23451 3
23454 4
23456 4
23457 5
23465 3456
23463 3
23467 4
23462 24
23464 4
23461 4
23466 4
23475 25
23472 234
23474 4
23476 4
23473 234
23477 4
23471 4
23515 2
23513 3
23514 4
23512 3
23511 35
23516 5
23517 6
23524 34
23525 5
23522 3
23526 26
23523 3
23527 5
23521 23
23534 24
23532 3
23537 356
23535 5
23536 357
23533 35
23531 123567
23545 2
23544 4
23542 5
23546 4
23541 5
23547 5
23543 3
23554 4
23557 3
23551 35
23553 3
23555 3
23556 3
23552 5
23565 2356
23564 3456
23562 2
23566 6
23561 3
23563 3
23567 3
23574 25
23575 5
23573 3
23571 3
23572 2
23576 3
23577 3
23614 4
23613 3
23615 5
23617 4
23616 26
23612 2
23611 3
23624 34
23627 5
23625 26
23626 3
23623 23
23622 3
23621 23
23632 3
23634 4
23637 345
23633 3
23635 357
23636 26
23631 12367
23646 346
23645 4
23642 2
23643 3
23641 4
23647 4
23644 2346
23654 4
23653 6
23652 2
23656 6
23655 2
23651 356
23657 235
23664 4
23662 2367
23665 57
23667 6
23663 36
23661 36
23666 6
23674 4
23672 26
23675 3
23676 26
23671 3
23673 3
23677 3
23713 3
23714 4
23716 4
23712 2
23711 6
23715 6
23717 23
23724 34
23723 23
23726 5
23727 23
23725 5
23722 3
23721 2
23732 3
23734 4
23736 345
23735 356
23737 35
23733 3
23731 35
23745 5
23742 2
23746 4
23743 3
23744 4
23747 4
23741 4
23752 2
23753 2345
23754 5
23757 3
23755 5
23751 3
23756 235
23764 4
23762 6
23767 35
23761 367
23763 36
23766 36
23765 3
23774 4
23775 5
23776 2356
23777 6
23772 2
23773 3
23771 6
24112 2
24111 45
24113 4
24115 4
24116 4
24117 4
24114 14
24123 4
24125 4
24121 46
24127 4
24122 4
24124 4
24126 4
24132 2
24135 5
24134 4
24133 4
24136 4
24131 4
24137 4
24143 23467
24142 45
24145 245
24141 456
24147 4
24146 1234567
24144 2
24152 6
24151 6
24155 6
24153 45
24157 45
24156 4
24154 6
24162 5
24161 5
24165 4
24164 5
24166 5
24163 4
24167 4
24173 4
24171 45
24172 45
24175 4
24174 4
24176 4
24177 45
24211 6
24213 123
24215 1
24217 123567
24214 46
24216 4
24212 2
24223 234
24222 4
24226 4
24221 4
24224 2
24225 4
24227 4
24233 3
24235 5
24232 2
24231 2
24234 2
24236 2
24237 2
24242 2
24244 4
24243 4
24245 24
24247 4
24241 45
24246 24
24251 6
24253 45
24252 2
24254 6
24255 6
24256 245
24257 5
24261 5
24264 5
24263 4
24267 4
24265 124
24266 5
24262 2
24273 6
24271 45
24272 2
24277 4567
24275 2
24274 124567
24276 24
24313 3
24315 4
24314 4
24312 123
24311 4
24316 4
24317 4
24323 3
24325 234
24326 4
24327 4
24321 4
24324 4
24322 4
24335 35
24332 23
24336 4
24331 34
24333 4
24334 34
24337 4
24345 45
24346 34
24343 4
24342 4
24341 23467
24347 234
24344 4
24352 45
24353 3
24356 4
24357 5
24355 5
24354 4
24351 45
24365 2345
24363 3
24362 4
24361 4
24366 23
24364 4
24367 4
24372 6
24374 4
24375 5
24373 3
24371 4
24376 4
24377 4
24414 4567
24413 4
24415 4
24417 4
24412 46
24411 4
24416 4
24424 2457
24423 4
24427 4
24425 4
24421 4
24422 4
24426 4
24434 34
24435 4
24432 2
24433 34
24437 4
24431 4
24436 2346
24445 4
24443 4
24442 456
24447 4
24446 4
24441 456
24444 2
24454 6
24452 6
24451 6
24453 4
24455 6
24457 4
24456 2456
24464 5
24462 5
24466 5
24467 345
24463 4
24461 5
24465 4
24474 1245
24473 4
24475 4
24472 124567
24471 4
24477 4
24476 4
24514 4
24513 4
24512 1
24516 4
24515 25
24517 4
24511 4
24523 234
24522 4
24527 4
24525 2
24524 4
24526 4
24521 4
24535 2
24532 5
24536 4
24534 4
24533 3
24537 5
24531 5
24545 4
24546 45
24543 45
24542 24
24544 24
24547 245
24541 245
24553 34
24556 4
24555 4
24554 45
24552 2
24557 45
24551 4
24565 5
24563 2345
24566 24
24561 4
24562 124
24564 4
24567 5
24575 25
24573 5
24572 2
24574 4
24576 4
24571 4
24577 4
24616 46
24613 4
24615 4
24612 4
24617 4
24611 4
24614 4
24626 4
24625 4
24623 4
24622 4
24627 4
24621 4
24624 4
24636 346
24632 2
24635 4
24633 3
24637 4
24631 4
24634 2346
24645 45
24643 34
24646 46
24642 24
24647 1234567
24644 246
24641 1234567
24652 245
24656 6
24653 4
24657 4
24655 5
24651 4
24654 2456
24662 4
24665 4
24663 4
24666 4
24667 4
24661 4
24664 4
24673 4
24675 4
24672 24
24676 4
24671 4
24674 4
24677 4
24712 123567
24713 4
24714 4
24715 4
24711 4
24716 4
24717 4
24723 4
24725 4
24724 4
24722 4
24727 4
24726 4
24721 4
24733 3
24735 5
24732 2
24736 4
24734 4
24731 4
24737 4
24743 234
24747 3
24745 245
24742 4
24746 1234567
24741 4
24744 24
24751 45
24752 5
24757 5
24753 5
24755 5
24754 4
24756 4
24764 345
24762 4
24766 4
24767 4
24763 4
24761 4
24765 5
24777 4
24773 4
24775 4
24772 12357
24771 4
24774 4
24776 4
25112 4
25115 4
25114 3
25111 4
25117 2345
25113 4
25116 2356
25123 4
25124 3
25122 4
25121 4
25125 4
25127 45
25126 2
25134 3
25133 3
25131 356
25135 5
25132 2
25137 3
25136 356
25142 6
25141 6
25145 6
25143 45
25144 6
25146 4
25147 45
25153 4
25154 3
25152 4
25151 45
25155 4
25157 45
25156 345
25162 4
25163 4
25165 4
25164 3
25166 4
25167 4
25161 4
25173 4
25174 3
25172 4
25175 4
25171 4
25176 4
25177 4
25214 12456
25212 2
25213 2
25215 5
25211 2
25217 2
25216 26
25221 4
25224 4
25225 2
25222 5
25223 3
25227 25
25226 25
25235 2346
25233 4
25234 245
25232 2
25237 2
25231 2
25236 2
25241 6
25243 45
25242 2
25244 6
25245 6
25246 245
25247 5
25251 4
25252 2
25254 2
25253 35
25255 2
25257 2
25256 26
25261 4
25262 2
25264 14
25266 4
25263 134
25265 4
25267 25
25274 4
25272 2
25271 4
25275 4
25273 4
25277 2
25276 26
25314 45
25313 3
25312 2
25316 5
25315 2
25311 5
25317 235
25324 1
25321 4
25323 3
25322 15
25327 13
25326 13
25325 2
25334 1
25331 4
25332 235
25333 35
25335 5
25337 5
25336 5
25342 45
25343 3
25346 4
25345 5
25341 45
25347 5
25344 4
25351 4
25354 1
25352 35
25353 3
25355 3
25356 135
25357 3
25361 4
25364 1
25363 3
25362 134
25366 3
25365 5
25367 13
25371 4
25373 3
25375 4
25372 4
25374 1
25376 3
25377 24
25413 45
25412 12456
25415 25
25414 4
25416 4
25411 4
25417 45
25423 1
25421 3
25422 4
25424 4
25426 4
25425 1
25427 45
25433 2345
25432 245
25435 4
25436 4
25431 3
25434 4
25437 5
25441 3
25443 1
25442 2
25444 4
25446 45
25447 4
25445 45
25451 3
25453 1
25452 2
25454 45
25455 4
25456 4
25457 24
25465 4
25461 3
25462 14
25463 1
25464 4
25466 14
25467 5
25472 4
25471 3
25475 24
25474 4
25473 1
25476 4
25477 25
25515 5
25514 25
25512 5
25513 2
25517 5
25516 5
25511 456
25524 1
25521 4
25525 245
25527 25
25526 25
25523 2
25522 4
25533 26
25532 2346
25534 4
25535 123567
25536 2
25537 5
25531 5
25541 6
25542 6
25545 6
25543 5
25544 6
25546 5
25547 5
25554 4
25551 4
25553 4
25552 245
25555 4
25557 25
25556 12456
25565 4
25564 4
25561 4
25562 4
25563 5
25566 4
25567 5
25572 4
25575 2345
25573 4
25574 24
25571 4
25577 4
25576 5
25614 4
25613 5
25612 26
25616 26
25615 5
25617 5
25611 5
25624 4
25626 1256
25623 13
25621 2
25625 25
25627 25
25622 2
25634 4
25632 2
25633 6
25636 6
25635 2
25631 356
25637 235
25642 245
25643 4
25646 6
25641 4
25647 4
25645 5
25644 2456
25654 4
25656 5
25651 345
25653 135
25655 5
25652 26
25657 12567
25664 45
25663 26
25661 3
25662 5
25666 5
25665 56
25667 56
25674 4
25673 3
25671 4
25675 5
25672 26
25676 6
25677 5
25714 45
25712 2
25717 2
25715 5
25713 235
25711 5
25716 5
25721 45
25723 13
25724 45
25725 25
25722 5
25726 25
25727 2
25732 2
25737 3
25733 2345
25735 5
25734 5
25731 3
25736 235
25741 45
25742 5
25744 4
25743 5
25747 5
25745 5
25746 4
25752 2
25751 45
25757 5
25754 24
25753 3
25756 12567
25755 5
25761 4
25767 3
25764 5
25762 25
25765 5
25766 3
25763 13
25771 4
25775 5
25774 12
25772 2
25777 5
25773 135
25776 5
26112 4
26114 3
26113 4
26116 4
26115 2
26111 4
26117 3
26123 4
26124 3
26126 4
26122 4
26121 4
26127 46
26125 45
26134 4
26133 3
26136 3
26132 2
26137 367
26131 35
26135 3
26141 5
26142 5
26144 5
26143 4
26145 4
26146 5
26147 4
26152 4
26153 4
26156 4
26155 4
26154 3
26157 4
26151 4
26162 46
26163 4
26164 3
26161 46
26166 34
26165 5
26167 4
26173 4
26174 3
26172 34
26176 4
26175 23456
26171 4
26177 4
26214 35
26212 2
26213 35
26215 4
26216 23
26211 24
26217 26
26224 3
26223 4
26225 3
26222 4
26221 34
26226 46
26227 3
26234 24
26232 2
26233 3
26237 6
26231 2
26235 2
26236 123456
26241 5
26244 5
26247 4
26243 4
26246 5
26245 124
26242 2
26251 4
26252 2
26254 14
26256 4
26253 134
26255 4
26257 25
26261 46
26264 3
26263 46
26262 2
26265 3
26266 3
26267 36
26273 4
26274 3
26272 2
26275 5
26271 34
26276 4
26277 4
26314 5
26315 4
26312 35
26313 3
26316 3
26311 34
26317 356
26324 1234567
26323 4
26326 4
26325 4
26321 4
26322 5
26327 4
26334 1234567
26333 4
26335 4
26331 4
26332 145
26336 4
26337 145
26343 3
26342 4
26345 2345
26346 23
26344 4
26341 4
26347 4
26351 4
26354 1
26352 134
26353 3
26356 3
26355 5
26357 13
26364 1234567
26363 4
26362 46
26365 4
26361 4
26366 4
26367 14
26374 1234567
26372 4
26371 4
26373 4
26376 4
26375 4
26377 4
26412 35
26413 5
26416 345
26415 3
26414 34
26411 4
26417 4
26423 1234567
26426 3
26424 3
26425 3
26427 3
26422 135
26421 3
26433 3
26432 24
26434 4
26437 4
26436 4
26435 3456
26431 4
26443 1234567
26442 3
26445 3
26444 3
26446 3
26441 3
26447 3
26455 4
26451 3
26452 14
26453 1
26454 4
26456 14
26457 5
26463 1234567
26464 36
26462 3
26465 3
26461 3
26466 3
26467 36
26473 1234567
26474 3
26472 3
26471 3
26475 3
26476 3
26477 3
26513 4
26516 4
26514 3
26512 4
26515 5
26511 2456
26517 2346
26523 4
26524 3
26525 5
26526 5
26522 46
26527 456
26521 45
26534 3456
26535 2356
26532 2
26536 6
26531 3
26533 3
26537 3
26545 5
26542 124
26543 2345
26546 24
26541 4
26544 4
26547 5
26553 4
26554 3
26555 5
26552 5
26557 45
26551 5
26556 25
26563 4
26564 3
26562 3
26565 56
26561 5
26566 36
26567 5
26575 5
26573 4
26572 5
26574 3
26576 5
26577 5
26571 23456
26616 4
26614 345
26615 4
26612 23
26613 3
26611 245
26617 6
26626 4
26624 3
26623 4
26627 3
26622 4
26625 5
26621 4
26636 3
26633 36
26634 4
26631 3
26632 123456
26635 6
26637 36
26646 5
26644 5
26643 23
26647 4
26645 24
26642 5
26641 5
26656 4
26652 4
26651 4
26654 14
26653 3
26655 4
26657 3
26664 3
26663 4
26662 2
26661 4
26665 36
26666 4
26667 3
26676 4
26673 4
26672 4
26674 3
26675 5
26671 4
26677 123456
26714 4
26715 2346
26711 36
26712 26
26716 6
26717 2
26713 356
26726 3
26724 3
26723 4
26722 3
26727 1234
26721 46
26725 456
26734 4
26732 6
26737 35
26731 367
26733 36
26736 36
26735 3
26742 4
26744 345
26743 4
26746 4
26747 4
26745 5
26741 4
26751 4
26754 5
26757 3
26752 25
26755 5
26756 3
26753 13
26764 36
26763 14
26762 36
26761 4
26765 5
26766 3
26767 46
26774 3
26772 3
26773 4
26775 5
26771 3
26777 3
26776 3
27112 234
27114 3
27113 4
27115 45
27111 4
27116 3
27117 234
27123 4
27124 3
27122 2
27121 14
27125 4
27126 34
27127 4
27134 4
27135 3
27131 34
27132 2
27136 3
27133 3
27137 3
27142 45
27143 4
27141 45
27145 4
27144 4
27146 4
27147 45
27153 4
27152 4
27154 3
27155 4
27151 4
27156 4
27157 4
27163 4
27164 3
27162 34
27166 4
27165 23456
27161 4
27167 4
27173 4
27174 3
27172 237
27171 4
27175 5
27177 4
27176 3
27214 235
27213 3
27212 2
27215 4
27217 2
27211 2
27216 2
27223 4
27224 3
27225 34
27221 3
27227 23
27222 3
27226 3
27234 234
27232 2
27235 2
27236 26
27231 2
27237 2
27233 3
27242 2
27243 6
27241 45
27247 4567
27245 2
27244 124567
27246 24
27252 2
27254 4
27251 4
27255 4
27253 4
27257 2
27256 26
27264 3
27263 4
27262 2
27265 5
27261 34
27266 4
27267 4
27273 4
27274 37
27272 2
27271 237
27277 4
27275 5
27276 37
27313 3
27312 3
27315 4
27314 5
27311 245
27316 2
27317 234
27324 1234567
27323 4
27325 4
27321 4
27322 4
27327 45
27326 14
27334 1234567
27331 4
27333 4
27332 14
27335 4
27337 4
27336 4
27343 3
27344 4
27342 6
27345 5
27346 4
27341 4
27347 4
27351 4
27353 3
27352 4
27355 4
27354 1
27356 3
27357 24
27364 1234567
27362 4
27361 4
27363 4
27366 4
27365 4
27367 4
27374 1234567
27373 47
27372 4
27371 4
27375 4
27377 4
27376 4
27412 235
27415 3
27413 5
27417 2
27414 4
27411 234
27416 4
27423 1234567
27424 35
27425 3
27422 35
27421 3
27427 3
27426 13
27432 234
27435 25
27436 4
27433 234
27434 4
27437 4
27431 4
27443 1234567
27442 35
27445 3
27446 13
27444 3
27447 3
27441 3
27452 4
27451 3
27455 24
27453 1
27456 4
27454 4
27457 25
27463 1234567
27464 3
27462 3
27461 3
27465 3
27466 3
27467 3
27473 1234567
27474 3
27472 37
27475 3
27471 3
27477 3
27476 3
27515 245
27513 4
27514 3
27512 4
27511 245
27517 2
27516 6
27523 4
27524 3
27525 5
27526 2
27522 2
27521 4
27527 5
27534 25
27535 5
27533 3
27532 2
27531 3
27536 3
27537 3
27543 5
27545 25
27544 4
27546 4
27542 2
27541 4
27547 4
27553 4
27554 3
27555 5
27552 7
27551 5
27556 356
27557 5
27565 5
27563 4
27562 5
27564 3
27566 5
27567 5
27561 23456
27575 5
27574 3
27573 4
27576 24567
27577 5
27572 5
27571 5
27613 2
27615 6
27614 4
27616 6
27612 2
27617 2
27611 6
27624 13
27626 3
27625 2
27623 14
27621 34
27622 3
27627 123
27634 4
27632 26
27636 26
27635 3
27631 3
27633 3
27637 3
27645 4
27643 4
27642 24
27646 4
27641 4
27644 4
27647 4
27654 4
27655 5
27653 3
27651 4
27652 26
27656 6
27657 5
27663 4
27664 1
27662 3
27665 35
27661 3
27666 3
27667 3
27674 3
27675 24567
27673 4
27672 37
27676 267
27671 3
27677 3
27714 2
27713 234
27715 2
27717 27
27712 2
27711 2
27716 2
27724 3
27723 45
27727 2
27722 45
27725 5
27721 4
27726 123
27734 4
27737 3
27735 3
27732 2
27731 3
27736 3
27733 3
27742 4567
27747 45
27743 4
27745 4
27744 4
27746 4
27741 45
27754 25
27755 4
27757 4
27752 2
27753 24
27751 4
27756 5
27763 4
27762 4
27764 3
27765 5
27767 4
27766 123456
27761 4
27774 3
27773 4
27775 5
27772 4
27777 2
27776 3
27771 2
