6114 6
6112 4
6116 4
6111 4
6113 4
6117 6
6115 56
6124 46
6121 6
6126 45
6125 256
6123 57
6122 45
6127 2356
6134 3
6136 3456
6131 34
6133 346
6135 5
6132 3
6137 3
6144 5
6145 6
6141 5
6142 5
6146 5
6147 6
6143 347
6155 4
6152 4
6154 4
6151 4
6156 4
6153 46
6157 346
6162 4
6164 46
6161 4
6163 46
6165 4
6167 4
6166 4
6174 6
6173 4
6172 4
6171 46
6176 46
6177 46
6175 5
6216 5
6212 5
6214 4
6215 5
6211 46
6213 345
6217 356
6226 4
6224 3
6223 4
6222 45
6221 4
6225 6
6227 34
6236 6
6234 6
6233 3
6232 6
6237 26
6235 3
6231 3
6242 5
6244 5
6246 5
6245 6
6243 4
6241 5
6247 4
6255 4
6251 4
6256 4
6254 4
6252 4
6253 46
6257 346
6262 45
6261 4
6264 36
6263 46
6266 4
6265 246
6267 346
6273 4
6274 3
6272 345
6276 345
6275 5
6277 4
6271 4
6316 37
6314 4
6315 5
6313 3
6312 345
6311 4
6317 3
6322 5
6323 37
6325 35
6324 46
6327 236
6326 7
6321 57
6335 356
6332 4
6333 34
6334 1
6331 34
6336 3
6337 3
6344 4
6345 5
6342 4
6343 367
6347 6
6346 7
6341 347
6353 3
6354 46
6356 4
6355 45
6351 46
6352 46
6357 6
6364 2
6363 346
6362 46
6366 5
6365 3
6367 46
6361 46
6372 4
6374 5
6373 4
6371 4
6375 4
6377 4
6376 4
6412 4
6415 4
6416 4
6413 4
6414 4
6411 6
6417 6
6424 12467
6426 4
6425 24
6423 46
6422 4
6427 24
6421 46
6434 4
6433 4
6436 4
6435 4
6432 6
6431 3
6437 6
6442 1
6446 4
6445 4
6443 2
6447 4
6444 4
6441 46
6454 4
6451 4
6456 4
6452 4
6455 4
6453 46
6457 6
6464 46
6462 36
6465 346
6463 2
6461 46
6466 4
6467 13456
6473 5
6472 3
6476 4
6475 4
6471 6
6474 245
6477 4
6515 25
6514 4
6513 5
6516 235
6512 5
6511 2
6517 2
6524 24
6523 35
6525 15
6526 3
6522 1
6521 256
6527 13
6534 4
6535 5
6536 3
6533 5
6531 5
6532 3
6537 35
6544 46
6545 4
6542 6
6543 5
6546 4
6541 6
6547 46
6554 5
6553 345
6557 5
6552 5
6555 5
6556 5
6551 5
6564 346
6563 3
6562 246
6565 6
6561 4
6566 56
6567 56
6574 4
6573 4
6575 2356
6572 5
6577 5
6576 5
6571 5
6616 4
6614 4
6612 5
6615 235
6613 37
6611 4
6617 3
6626 4
6624 4
6625 3
6622 4
6623 7
6621 45
6627 34
6634 4
6636 6
6632 6
6633 4
6631 3456
6637 4
6635 3
6644 5
6646 5
6647 4
6645 4
6642 5
6641 5
6643 7
6654 4
6652 4
6655 4
6656 4
6651 4
6653 4
6657 3
6662 4
6665 5
6666 34
6664 4
6663 4
6661 4
6667 36
6676 4
6674 4
6672 345
6673 4
6677 246
6671 46
6675 5
6714 6
6717 36
6715 2
6712 356
6711 36
6713 3
6716 3
6722 34
6724 24
6727 2
6723 236
6725 13
6726 34
6721 2356
6734 6
6737 4
6732 26
6736 4
6733 346
6731 3
6735 35
6744 1345
6746 4
6747 34
6743 6
6742 4
6741 6
6745 46
6754 6
6757 1234567
6756 3
6755 345
6751 346
6752 346
6753 6
6764 13456
6763 46
6762 346
6766 3
6761 4
6767 46
6765 56
6774 46
6772 3
6777 13457
6775 3467
6771 34
6776 3
6773 3
