7114 4
7113 4
7112 4
7111 4
7116 46
7115 5
7117 246
7123 6
7121 25
7124 2
7126 235
7122 5
7125 5
7127 25
7134 3
7133 34567
7137 34
7131 34
7135 3
7132 6
7136 234
7143 6
7147 45
7141 5
7145 7
7142 2456
7144 4
7146 6
7154 5
7151 4
7155 45
7157 4
7153 45
7152 4
7156 2457
7164 6
7163 4
7162 4
7161 46
7166 46
7167 46
7165 5
7174 4
7172 4
7173 47
7177 4
7176 457
7171 47
7175 4
7212 4
7214 2
7215 45
7213 345
7217 4
7211 2
7216 12467
7223 4
7224 5
7225 5
7222 5
7227 4
7226 46
7221 4
7234 234
7232 6
7233 3
7235 5
7237 26
7236 236
7231 6
7243 2
7242 4
7245 25
7244 4
7247 4
7246 4
7241 2456
7252 4
7255 456
7253 45
7254 2
7256 5
7251 4
7257 24
7263 4
7264 3
7262 345
7266 345
7265 5
7267 4
7261 4
7272 2457
7273 47
7274 3
7271 4
7277 4
7275 25
7276 47
7314 5
7313 245
7315 246
7316 34
7312 345
7317 46
7311 34
7324 4
7322 356
7323 36
7326 3
7325 3
7327 6
7321 6
7334 5
7333 45
7335 2
7332 4
7331 34
7337 4
7336 3
7343 36
7344 4
7345 5
7342 2
7347 3
7346 6
7341 6
7353 3
7354 5
7355 34
7357 3
7352 45
7351 45
7356 3
7364 5
7362 4
7363 4
7361 4
7365 4
7367 4
7366 4
7374 5
7375 6
7373 247
7372 47
7371 47
7377 4
7376 347
7413 5
7415 3
7412 2
7416 6
7417 4
7411 4
7414 4
7423 4
7422 4
7426 4
7425 4
7424 4
7427 2
7421 2
7434 3
7435 345
7433 4
7432 234
7437 4
7431 3
7436 4
7442 135
7443 2
7446 46
7445 2
7444 4
7441 4
7447 4
7451 5
7455 5
7454 24567
7453 5
7456 5
7457 4
7452 2
7463 5
7466 4
7462 3
7465 4
7461 6
7464 245
7467 4
7473 5
7474 57
7475 37
7471 4
7476 45
7472 3
7477 4
7514 3
7515 346
7513 246
7512 45
7517 45
7511 24
7516 345
7524 4
7525 5
7523 3
7522 15
7526 345
7527 4
7521 5
7534 345
7533 5
7535 356
7537 3
7532 5
7531 3
7536 3
7545 4
7543 5
7544 4
7546 6
7542 25
7547 2
7541 7
7553 4
7554 3
7555 5
7557 5
7552 25
7556 5
7551 5
7563 4
7564 4
7565 2356
7562 5
7567 5
7566 5
7561 5
7573 6
7574 37
7575 57
7577 5
7572 25
7576 3457
7571 4
7613 34
7614 6
7616 4
7615 345
7617 6
7611 4
7612 12467
7622 3
7626 3
7624 4
7623 3
7625 345
7627 24
7621 235
7634 4
7633 23
7632 236
7635 3
7631 234
7636 2
7637 46
7643 6
7645 6
7646 7
7647 4
7642 4
7644 4
7641 6
7654 5
7655 3456
7656 5
7652 5
7653 3
7657 456
7651 2457
7663 4
7664 4
7662 24
7666 346
7665 46
7661 4
7667 346
7674 45
7671 457
7677 123456
7673 347
7672 47
7675 3457
7676 467
7714 4
7713 46
7715 45
7711 4
7712 4
7717 4
7716 6
7726 24
7723 6
7727 4
7724 2
7725 4
7722 4
7721 25
7734 4
7737 4
7731 34
7733 4
7735 3
7732 26
7736 46
7747 4
7743 3
7744 4
7745 2
7741 45
7742 4
7746 4
7755 45
7757 5
7754 4
7751 4
7753 3
7752 24
7756 456
7767 4
7763 4
7762 4
7764 4
7766 246
7765 5
7761 46
7774 4
7773 4
7776 46
7775 5
7772 4
7777 4
7771 4
