1115 4
1114 4
1116 4
1113 3
1117 4
1112 24
1111 4
1121 4
1126 4
1122 246
1125 4
1123 3
1124 4
1127 24
1131 3
1133 34
1135 5
1134 4
1137 4
1136 46
1132 234
1141 4
1145 5
1144 4
1143 6
1142 4
1146 4
1147 34
1151 4
1154 4
1155 4
1157 45
1153 5
1152 24
1156 26
1161 4
1165 2
1162 46
1164 6
1163 4
1166 4
1167 36
1174 4
1173 34
1175 24
1171 4
1177 4
1172 2
1176 4
1214 34
1211 234567
1213 1345
1217 134
1212 124
1215 145
1216 14
1224 4
1225 4
1222 245
1223 24
1221 245
1226 46
1227 4
1233 2345
1234 3
1232 3
1236 3
1231 234
1235 5
1237 1346
1243 2
1245 2
1241 4
1244 4
1242 1
1246 4
1247 2
1254 4
1252 6
1255 56
1256 256
1251 24
1253 5
1257 456
1264 4
1266 5
1262 5
1265 5
1263 345
1261 46
1267 356
1272 4
1274 2
1275 45
1273 345
1277 4
1271 2
1276 12467
1314 15
1315 2
1313 13
1311 3
1316 36
1312 1345
1317 4
1324 4
1325 4
1326 3
1323 2356
1322 3
1321 3
1327 3
1335 4
1333 3
1334 5
1331 3
1332 3
1336 36
1337 3
1343 4
1345 3
1342 2
1344 4
1346 36
1347 1
1341 6
1354 345
1353 235
1355 3
1351 5
1357 5
1356 3
1352 5
1364 4
1366 37
1362 345
1365 5
1363 3
1361 4
1367 3
1374 5
1373 245
1375 246
1376 34
1372 345
1377 46
1371 34
1415 3
1413 15
1414 13
1417 4
1412 34
1411 4
1416 5
1425 3
1426 5
1422 4
1423 4
1427 2
1424 346
1421 4
1434 12346
1433 3
1437 3
1435 3
1432 3
1431 4
1436 6
1446 357
1442 24
1445 6
1443 6
1447 4
1444 4
1441 4
1454 5
1453 345
1455 4
1457 5
1452 4
1456 456
1451 4
1465 4
1462 4
1466 4
1463 4
1464 4
1461 6
1467 6
1473 5
1475 3
1476 6
1472 2
1477 4
1471 4
1474 4
1514 3
1515 146
1513 2
1516 14
1517 14
1511 4
1512 145
1524 3
1526 4
1525 4
1527 4
1523 4
1522 4
1521 4
1534 3
1535 5
1533 45
1531 5
1537 34
1536 34
1532 5
1544 4
1545 25
1543 3
1542 2
1546 6
1541 5
1547 2
1554 3
1555 34
1553 6
1557 45
1556 4
1551 4
1552 5
1564 4
1565 25
1562 5
1566 235
1563 5
1561 2
1567 2
1574 3
1575 346
1573 246
1572 45
1577 45
1571 24
1576 345
1616 1346
1615 14
1614 5
1617 4
1611 4
1613 36
1612 14
1625 4
1624 5
1622 345
1626 345
1623 3
1621 4
1627 4
1633 234
1636 4
1634 6
1637 4
1632 3
1635 34
1631 46
1646 4
1645 6
1643 36
1641 4
1644 4
1642 4
1647 2346
1654 456
1656 2
1655 5
1653 3
1652 256
1651 26
1657 2
1664 3
1663 3
1666 3
1665 4
1662 24
1661 4
1667 4
1676 4
1673 34
1674 6
1675 345
1671 4
1677 6
1672 12467
1714 4
1715 14
1716 4
1711 4
1717 14
1712 134
1713 4
1725 4
1724 2
1722 24
1726 4
1727 24
1723 3
1721 24
1737 4
1733 34
1734 3
1731 4
1736 4
1735 34
1732 1346
1747 3
1745 2
1743 1
1744 4
1741 34
1742 2
1746 2346
1754 5
1757 45
1755 12345
1751 45
1753 5
1752 456
1756 2
1764 6
1765 2
1767 36
1762 356
1761 36
1766 3
1763 3
1774 4
1775 4
1773 3
1772 24
1771 246
1776 4
1777 4
2114 24
2116 5
2111 13457
2113 1245
2112 5
2117 45
2115 5
2121 24
2124 23457
2125 24
2126 245
2123 23
2127 4
2122 5
2134 2
2133 345
2131 1234567
2132 5
2136 245
2137 245
2135 2
2142 4
2144 3457
2145 2
2146 4
2141 45
2143 24
2147 2
2151 4
2152 4
2154 2
2156 26
2155 245
2157 5
2153 35
2164 46
2166 45
2165 256
2161 6
2163 57
2162 45
2167 2356
2174 2
2173 6
2171 25
2176 235
2175 5
2172 5
2177 25
2212 4
2216 345
2214 4
2215 4
2217 24
2211 246
2213 3
2226 4
2223 3
2222 45
2225 4
2227 4
2224 4
2221 25
2233 4
2236 4
2234 4
2232 4
2237 4
2235 4
2231 5
2244 3
2246 3
2242 3
2243 4
2241 4
2247 3
2245 1
2254 4
2255 4
2252 2
2256 2
2251 4
2257 2345
2253 5
2263 5
2265 1
2262 4
2264 4
2267 34
2266 4
2261 45
2276 3
2274 4
2272 4
2273 356
2275 15
2277 4
2271 5
2314 4
2316 3
2315 4
2313 2356
2312 3
2311 3
2317 3
2324 245
2325 5
2323 2
2326 246
2321 23
2322 23
2327 4
2335 345
2334 3
2331 3
2336 3
2332 3
2333 3
2337 3
2344 24
2343 4
2346 2
2345 3
2342 4
2347 2
2341 24
2354 4
2353 3
2355 3
2352 5
2356 5
2351 35
2357 3
2363 37
2365 35
2364 46
2362 5
2367 236
2366 7
2361 57
2374 4
2373 36
2376 3
2372 356
2375 3
2377 6
2371 6
2415 3
2416 5
2412 4
2413 4
2417 2
2414 346
2411 4
2424 24
2425 6
2423 245
2426 25
2422 4
2427 24
2421 23457
2434 4
2437 4
2432 4
2433 4
2431 2
2435 24
2436 4
2446 7
2443 4
2445 6
2442 4
2447 24
2441 4
2444 4
2453 4
2452 4
2454 4
2456 2
2457 5
2455 4
2451 2
2464 12467
2466 4
2462 4
2463 46
2465 24
2467 24
2461 46
2476 4
2473 4
2472 4
2475 4
2474 4
2477 2
2471 2
2516 4
2514 3
2515 4
2517 4
2513 4
2512 4
2511 4
2524 6
2526 24
2525 245
2522 3
2523 5
2527 24
2521 24
2535 5
2534 24
2533 34
2532 4
2537 24
2536 24
2531 2
2544 4
2545 125
2543 3
2541 2
2542 1
2546 4
2547 145
2555 45
2556 4
2554 7
2553 235
2557 45
2552 5
2551 5
2563 35
2566 3
2565 15
2564 24
2562 1
2561 256
2567 13
2573 3
2575 5
2574 4
2572 15
2576 345
2577 4
2571 5
2615 4
2614 5
2616 345
2612 345
2613 3
2611 4
2617 4
2626 34
2627 4
2624 25
2625 24
2622 4
2623 246
2621 245
2637 4
2633 4
2632 4
2636 4
2634 4
2635 24
2631 245
2646 3
2642 3
2644 3
2643 2
2647 3
2645 4
2641 4
2656 2
2654 2
2652 2
2655 5
2651 26
2653 5
2657 5
2662 4
2664 5
2666 34
2665 4
2663 2
2667 4
2661 45
2674 4
2673 3
2672 3
2676 3
2677 24
2675 345
2671 235
2715 4
2714 2
2712 24
2716 4
2717 24
2713 3
2711 24
2726 4
2724 24
2727 4
2725 24
2721 4
2723 4
2722 4
2737 4
2733 4
2736 4
2734 4
2732 4
2735 24
2731 245
2747 3
2746 3
2744 3
2743 2
2742 3
2741 2
2745 145
2754 5
2757 45
2755 245
2752 2345
2751 5
2756 5
2753 3
2762 34
2763 236
2764 24
2767 2
2766 34
2765 13
2761 2356
2772 4
2774 2
2776 4
2777 4
2775 4
2771 2
2773 23
3111 4
3114 3
3115 35
3112 6
3113 4
3117 4
3116 36
3123 345
3124 2
3121 1234567
3122 5
3126 245
3127 245
3125 2
3137 3456
3131 345
3134 3
3135 3
3132 235
3133 1345
3136 35
3141 5
3144 5
3147 5
3145 5
3142 26
3143 5
3146 2346
3155 4
3157 4
3153 4
3151 4
3154 345
3156 35
3152 3
3164 3
3166 3456
3163 346
3161 34
3165 5
3162 3
3167 3
3174 3
3173 34567
3177 34
3171 34
3175 3
3172 6
3176 234
3214 3
3213 2345
3212 3
3211 234
3216 3
3215 5
3217 1346
3224 2
3222 25
3223 3
3225 35
3226 6
3227 6
3221 3
3234 34
3232 3
3235 36
3231 235
3233 3
3236 3
3237 35
3242 3
3245 5
3244 246
3241 26
3246 6
3243 23
3247 3
3252 256
3254 25
3253 3
3255 5
3256 35
3251 3
3257 35
3266 6
3263 3
3262 6
3264 6
3267 26
3265 3
3261 3
3273 3
3274 234
3272 6
3275 5
3277 26
3276 236
3271 6
3313 4
3314 3
3317 34
3312 2345
3311 34
3316 234
3315 45
3327 4
3322 4
3323 4
3321 345
3326 4
3324 4
3325 34
3334 4
3337 4
3333 4
3335 5
3336 4
3332 236
3331 345
3344 25
3343 25
3347 25
3346 2
3345 12345
3342 23
3341 5
3355 4
3353 4
3354 35
3357 4
3351 4
3356 3
3352 3
3366 4
3363 24
3362 3
3364 4
3361 346
3365 5
3367 346
3374 4
3373 236
3371 34567
3372 3
3375 5
3377 4
3376 23
3417 3
3414 12346
3413 3
3412 3
3415 3
3411 4
3416 6
3424 4
3423 4
3427 4
3422 4
3421 2
3426 4
3425 24
3433 4
3435 36
3434 3
3432 34
3431 3
3436 3
3437 3
3447 4
3442 4
3446 4
3443 4
3445 4
3441 4
3444 4
3453 35
3455 35
3454 4
3457 345
3451 345
3456 36
3452 25
3464 4
3466 4
3465 4
3462 6
3463 4
3461 3
3467 6
3473 4
3474 3
3475 345
3477 4
3471 3
3472 234
3476 4
3514 3
3515 5
3513 45
3511 5
3517 34
3516 34
3512 5
3525 5
3522 4
3524 24
3523 34
3527 24
3526 24
3521 2
3534 36
3532 36
3537 34
3535 3
3533 5
3531 3
3536 34
3544 125
3545 4
3541 5
3542 5
3547 35
3543 12345
3546 3
3557 45
3554 5
3553 35
3555 35
3552 23
3556 35
3551 5
3564 4
3565 5
3563 5
3566 3
3561 5
3562 3
3567 35
3573 5
3574 345
3575 356
3577 3
3572 5
3571 3
3576 3
3613 234
3616 4
3614 6
3617 4
3612 3
3615 34
3611 46
3623 4
3622 4
3627 4
3626 4
3624 4
3625 24
3621 245
3634 3
3637 4
3635 34
3632 3
3633 5
3631 35
3636 34
3646 2
3643 2
3644 2
3645 3
3642 6
3641 2346
3647 2
3656 236
3654 36
3653 3
3655 5
3651 35
3652 35
3657 5
3664 6
3663 346
3667 46
3666 4
3665 3
3662 2
3661 3
3673 23
3674 4
3675 3
3672 236
3676 2
3671 234
3677 46
3714 3
3717 4
3713 34
3711 4
3716 4
3715 34
3712 1346
3723 4
3726 4
3727 4
3724 4
3722 4
3725 24
3721 245
3737 34
3731 3456
3733 4
3735 34
3734 3
3736 4
3732 35
3747 25
3745 35
3743 25
3741 5
3744 25
3742 3
3746 2
3753 4
3757 4
3754 345
3751 4
3755 4
3756 5
3752 35
3767 4
3764 6
3766 4
3762 26
3763 346
3761 3
3765 35
3774 6
3777 4
3773 4
3771 46
3776 6
3772 6
3775 6
4113 167
4114 4
4111 34
4112 6
4117 1235
4115 5
4116 6
4124 3457
4122 4
4125 2
4126 4
4121 45
4123 24
4127 2
4134 5
4131 5
4135 5
4137 5
4132 26
4133 5
4136 2346
4141 45
4145 4
4142 45
4146 4
4143 4
4147 345
4144 4
4151 36
4153 35
4157 3
4155 36
4154 36
4152 6
4156 5
4164 5
4165 6
4161 5
4162 5
4166 5
4163 347
4167 6
4173 6
4177 45
4171 5
4175 7
4172 2456
4174 4
4176 6
4213 2
4215 2
4212 1
4211 4
4214 4
4216 4
4217 2
4222 4
4223 1267
4225 4
4224 24
4221 2567
4227 4
4226 4
4232 3
4235 5
4234 246
4231 26
4233 23
4236 6
4237 3
4243 4
4246 4
4245 4
4241 45
4242 45
4247 4
4244 46
4252 6
4253 5
4254 6
4255 6
4257 2456
4256 2
4251 6
4262 5
4264 5
4265 6
4261 5
4266 5
4263 4
4267 4
4272 4
4273 2
4275 25
4274 4
4277 4
4276 4
4271 2456
4313 4
4315 3
4314 4
4312 2
4316 36
4317 1
4311 6
4323 4
4324 24
4326 2
4325 3
4322 4
4327 2
4321 24
4335 235
4331 356
4332 3
4336 5
4334 4
4333 34
4337 3
4342 4
4343 4
4345 4
4346 4
4341 4
4347 4
4344 4
4353 4
4351 35
4354 367
4357 3
4356 3
4355 34567
4352 5
4363 367
4364 4
4365 5
4362 4
4367 6
4366 7
4361 347
4374 4
4373 36
4375 5
4372 2
4377 3
4376 6
4371 6
4414 3
4415 4
4413 4
4411 4
4417 4
4416 4
4412 4
4422 3
4423 24
4426 3
4424 3
4425 4
4421 3457
4427 3
4433 25
4431 5
4434 25
4435 125
4437 25
4432 246
4436 2
4445 45
4443 34
4447 3
4442 4
4446 4
4441 5
4444 4
4457 3
4455 36
4454 36
4453 367
4451 36
4452 6
4456 246
4466 5
4465 46
4462 5
4463 4
4464 5
4461 5
4467 1345
4474 5
4473 4
4475 4
4472 4
4477 4
4476 4
4471 4
4514 4
4513 3
4515 25
4511 5
4512 2
4516 6
4517 2
4523 3
4524 4
4525 125
4526 4
4522 1
4521 2
4527 145
4534 125
4537 35
4535 4
4532 5
4531 5
4533 12345
4536 3
4546 4
4543 4
4542 4
4545 4
4541 4
4547 4
4544 4
4557 235
4553 356
4554 4
4556 5
4552 3
4555 45
4551 5
4565 4
4564 46
4563 5
4562 6
4561 6
4566 4
4567 46
4575 4
4573 5
4574 4
4572 25
4576 6
4577 2
4571 7
4616 4
4613 36
4615 6
4611 4
4614 4
4612 4
4617 2346
4626 3
4624 3
4622 3
4627 3
4623 2
4621 4
4625 4
4636 2
4633 2
4634 2
4635 3
4632 6
4631 2346
4637 2
4642 4
4645 4
4643 4
4647 34
4641 4
4646 34
4644 24
4656 5
4653 3
4654 246
4655 56
4652 2
4651 5
4657 26
4665 1267
4663 4
4666 4
4664 46
4662 4
4661 4
4667 1236
4673 6
4675 6
4676 7
4677 4
4672 4
4674 4
4671 6
4717 3
4715 2
4713 1
4711 34
4714 4
4716 2346
4712 2
4726 3
4723 2
4724 3
4727 3
4722 3
4725 145
4721 2
4737 25
4735 35
4733 25
4731 5
4734 25
4732 3
4736 2
4747 34
4746 34
4743 4
4742 4
4745 4
4744 4
4741 345
4754 3
4751 3
4757 3
4753 3
4752 2456
4756 26
4755 3
4764 1345
4766 4
4767 34
4763 6
4762 4
4761 6
4765 46
4774 4
4775 127
4777 45
4771 3567
4772 2
4776 2
4773 3
5111 4
5114 2
5112 2
5115 4
5113 2
5117 24
5116 2
5121 4
5124 2
5122 4
5125 245
5126 26
5127 5
5123 35
5133 4
5137 4
5131 4
5135 4
5134 345
5136 35
5132 3
5141 36
5143 35
5145 36
5147 3
5144 36
5142 6
5146 5
5151 45
5157 2345
5155 4
5154 5
5153 45
5152 4
5156 35
5165 4
5162 4
5164 4
5166 4
5161 4
5163 46
5167 346
5171 4
5174 5
5175 45
5177 4
5173 45
5172 4
5176 2457
5214 4
5212 6
5215 56
5216 256
5213 5
5211 24
5217 456
5221 24
5225 245
5224 2
5222 4
5226 6
5223 5
5227 5
5232 256
5234 25
5235 5
5233 3
5231 3
5236 35
5237 35
5242 6
5243 5
5244 6
5245 6
5247 2456
5246 2
5241 6
5254 5
5253 45
5251 4
5257 35
5255 3
5256 5
5252 45
5261 4
5266 4
5265 4
5262 4
5264 4
5263 46
5267 346
5272 4
5275 456
5273 45
5274 2
5271 4
5276 5
5277 24
5314 345
5313 235
5315 3
5311 5
5316 3
5317 5
5312 5
5324 4
5323 3
5326 5
5325 3
5322 5
5321 35
5327 3
5334 3
5331 34
5335 35
5332 35
5333 35
5336 56
5337 3
5343 4
5344 367
5341 35
5346 3
5347 3
5345 34567
5342 5
5354 25
5356 25
5353 5
5355 3
5352 45
5351 45
5357 5
5363 3
5364 46
5366 4
5365 45
5361 46
5362 46
5367 6
5374 5
5373 3
5375 34
5377 3
5372 45
5371 45
5376 3
5414 5
5413 345
5415 4
5412 4
5417 5
5416 456
5411 4
5423 4
5426 2
5424 4
5422 4
5425 4
5427 5
5421 2
5433 35
5434 4
5431 345
5435 35
5432 25
5437 345
5436 36
5446 4
5441 4
5442 4
5443 4
5447 4
5445 4
5444 4
5453 25
5455 4
5452 5
5456 45
5454 5
5457 5
5451 5
5461 4
5464 4
5466 4
5463 46
5465 4
5467 6
5462 4
5471 5
5475 5
5474 24567
5473 5
5476 5
5477 4
5472 2
5514 4
5515 256
5513 3
5517 12345
5516 5
5511 4
5512 56
5525 46
5522 4
5524 4
5526 5
5527 245
5523 3
5521 245
5533 4
5531 4
5534 35
5535 4
5537 4
5532 5
5536 5
5545 36
5544 36
5541 36
5543 34567
5542 6
5546 56
5547 3
5551 4
5554 4
5555 4
5553 3
5552 4
5556 256
5557 345
5561 4
5565 4
5566 4
5562 4
5564 4
5563 45
5567 345
5575 4
5574 5
5573 34
5577 45
5571 45
5576 3456
5572 456
5614 456
5616 2
5615 5
5613 3
5612 256
5611 26
5617 2
5622 2
5624 2
5625 5
5626 2
5621 26
5623 5
5627 5
5636 236
5634 36
5633 3
5635 5
5631 35
5632 35
5637 5
5646 5
5643 3
5644 246
5645 56
5642 2
5641 5
5647 26
5654 45
5653 25
5656 5
5657 356
5655 5
5651 35
5652 5
5663 35
5664 6
5666 36
5665 5
5661 2
5662 2
5667 5
5674 5
5675 3456
5676 5
5673 3
5672 5
5677 456
5671 2457
5714 5
5717 45
5715 12345
5711 45
5713 5
5712 456
5716 2
5724 5
5727 45
5725 245
5722 2345
5721 5
5726 5
5723 3
5737 4
5733 4
5731 4
5734 345
5735 4
5736 5
5732 35
5744 3
5747 3
5741 3
5743 3
5742 2456
5746 26
5745 3
5757 345
5754 5
5751 2345
5753 5
5755 3457
5756 356
5752 35
5767 1234567
5764 6
5765 345
5766 3
5761 346
5762 346
5763 6
5774 5
5777 4
5771 4
5776 2
5775 4
5773 35
5772 25
6114 6
6112 4
6116 4
6111 4
6113 4
6117 6
6115 56
6124 46
6121 6
6126 45
6125 256
6123 57
6122 45
6127 2356
6134 3
6136 3456
6131 34
6133 346
6135 5
6132 3
6137 3
6144 5
6145 6
6141 5
6142 5
6146 5
6147 6
6143 347
6155 4
6152 4
6154 4
6151 4
6156 4
6153 46
6157 346
6162 4
6164 46
6161 4
6163 46
6165 4
6167 4
6166 4
6174 6
6173 4
6172 4
6171 46
6176 46
6177 46
6175 5
6216 5
6212 5
6214 4
6215 5
6211 46
6213 345
6217 356
6226 4
6224 3
6223 4
6222 45
6221 4
6225 6
6227 34
6236 6
6234 6
6233 3
6232 6
6237 26
6235 3
6231 3
6242 5
6244 5
6246 5
6245 6
6243 4
6241 5
6247 4
6255 4
6251 4
6256 4
6254 4
6252 4
6253 46
6257 346
6262 45
6261 4
6264 36
6263 46
6266 4
6265 246
6267 346
6273 4
6274 3
6272 345
6276 345
6275 5
6277 4
6271 4
6316 37
6314 4
6315 5
6313 3
6312 345
6311 4
6317 3
6322 5
6323 37
6325 35
6324 46
6327 236
6326 7
6321 57
6335 356
6332 4
6333 34
6334 1
6331 34
6336 3
6337 3
6344 4
6345 5
6342 4
6343 367
6347 6
6346 7
6341 347
6353 3
6354 46
6356 4
6355 45
6351 46
6352 46
6357 6
6364 2
6363 346
6362 46
6366 5
6365 3
6367 46
6361 46
6372 4
6374 5
6373 4
6371 4
6375 4
6377 4
6376 4
6412 4
6415 4
6416 4
6413 4
6414 4
6411 6
6417 6
6424 12467
6426 4
6425 24
6423 46
6422 4
6427 24
6421 46
6434 4
6433 4
6436 4
6435 4
6432 6
6431 3
6437 6
6442 1
6446 4
6445 4
6443 2
6447 4
6444 4
6441 46
6454 4
6451 4
6456 4
6452 4
6455 4
6453 46
6457 6
6464 46
6462 36
6465 346
6463 2
6461 46
6466 4
6467 13456
6473 5
6472 3
6476 4
6475 4
6471 6
6474 245
6477 4
6515 25
6514 4
6513 5
6516 235
6512 5
6511 2
6517 2
6524 24
6523 35
6525 15
6526 3
6522 1
6521 256
6527 13
6534 4
6535 5
6536 3
6533 5
6531 5
6532 3
6537 35
6544 46
6545 4
6542 6
6543 5
6546 4
6541 6
6547 46
6554 5
6553 345
6557 5
6552 5
6555 5
6556 5
6551 5
6564 346
6563 3
6562 246
6565 6
6561 4
6566 56
6567 56
6574 4
6573 4
6575 2356
6572 5
6577 5
6576 5
6571 5
6616 4
6614 4
6612 5
6615 235
6613 37
6611 4
6617 3
6626 4
6624 4
6625 3
6622 4
6623 7
6621 45
6627 34
6634 4
6636 6
6632 6
6633 4
6631 3456
6637 4
6635 3
6644 5
6646 5
6647 4
6645 4
6642 5
6641 5
6643 7
6654 4
6652 4
6655 4
6656 4
6651 4
6653 4
6657 3
6662 4
6665 5
6666 34
6664 4
6663 4
6661 4
6667 36
6676 4
6674 4
6672 345
6673 4
6677 246
6671 46
6675 5
6714 6
6717 36
6715 2
6712 356
6711 36
6713 3
6716 3
6722 34
6724 24
6727 2
6723 236
6725 13
6726 34
6721 2356
6734 6
6737 4
6732 26
6736 4
6733 346
6731 3
6735 35
6744 1345
6746 4
6747 34
6743 6
6742 4
6741 6
6745 46
6754 6
6757 1234567
6756 3
6755 345
6751 346
6752 346
6753 6
6764 13456
6763 46
6762 346
6766 3
6761 4
6767 46
6765 56
6774 46
6772 3
6777 13457
6775 3467
6771 34
6776 3
6773 3
7114 4
7113 4
7112 4
7111 4
7116 46
7115 5
7117 246
7123 6
7121 25
7124 2
7126 235
7122 5
7125 5
7127 25
7134 3
7133 34567
7137 34
7131 34
7135 3
7132 6
7136 234
7143 6
7147 45
7141 5
7145 7
7142 2456
7144 4
7146 6
7154 5
7151 4
7155 45
7157 4
7153 45
7152 4
7156 2457
7164 6
7163 4
7162 4
7161 46
7166 46
7167 46
7165 5
7174 4
7172 4
7173 47
7177 4
7176 457
7171 47
7175 4
7212 4
7214 2
7215 45
7213 345
7217 4
7211 2
7216 12467
7223 4
7224 5
7225 5
7222 5
7227 4
7226 46
7221 4
7234 234
7232 6
7233 3
7235 5
7237 26
7236 236
7231 6
7243 2
7242 4
7245 25
7244 4
7247 4
7246 4
7241 2456
7252 4
7255 456
7253 45
7254 2
7256 5
7251 4
7257 24
7263 4
7264 3
7262 345
7266 345
7265 5
7267 4
7261 4
7272 2457
7273 47
7274 3
7271 4
7277 4
7275 25
7276 47
7314 5
7313 245
7315 246
7316 34
7312 345
7317 46
7311 34
7324 4
7322 356
7323 36
7326 3
7325 3
7327 6
7321 6
7334 5
7333 45
7335 2
7332 4
7331 34
7337 4
7336 3
7343 36
7344 4
7345 5
7342 2
7347 3
7346 6
7341 6
7353 3
7354 5
7355 34
7357 3
7352 45
7351 45
7356 3
7364 5
7362 4
7363 4
7361 4
7365 4
7367 4
7366 4
7374 5
7375 6
7373 247
7372 47
7371 47
7377 4
7376 347
7413 5
7415 3
7412 2
7416 6
7417 4
7411 4
7414 4
7423 4
7422 4
7426 4
7425 4
7424 4
7427 2
7421 2
7434 3
7435 345
7433 4
7432 234
7437 4
7431 3
7436 4
7442 135
7443 2
7446 46
7445 2
7444 4
7441 4
7447 4
7451 5
7455 5
7454 24567
7453 5
7456 5
7457 4
7452 2
7463 5
7466 4
7462 3
7465 4
7461 6
7464 245
7467 4
7473 5
7474 57
7475 37
7471 4
7476 45
7472 3
7477 4
7514 3
7515 346
7513 246
7512 45
7517 45
7511 24
7516 345
7524 4
7525 5
7523 3
7522 15
7526 345
7527 4
7521 5
7534 345
7533 5
7535 356
7537 3
7532 5
7531 3
7536 3
7545 4
7543 5
7544 4
7546 6
7542 25
7547 2
7541 7
7553 4
7554 3
7555 5
7557 5
7552 25
7556 5
7551 5
7563 4
7564 4
7565 2356
7562 5
7567 5
7566 5
7561 5
7573 6
7574 37
7575 57
7577 5
7572 25
7576 3457
7571 4
7613 34
7614 6
7616 4
7615 345
7617 6
7611 4
7612 12467
7622 3
7626 3
7624 4
7623 3
7625 345
7627 24
7621 235
7634 4
7633 23
7632 236
7635 3
7631 234
7636 2
7637 46
7643 6
7645 6
7646 7
7647 4
7642 4
7644 4
7641 6
7654 5
7655 3456
7656 5
7652 5
7653 3
7657 456
7651 2457
7663 4
7664 4
7662 24
7666 346
7665 46
7661 4
7667 346
7674 45
7671 457
7677 123456
7673 347
7672 47
7675 3457
7676 467
7714 4
7713 46
7715 45
7711 4
7712 4
7717 4
7716 6
7726 24
7723 6
7727 4
7724 2
7725 4
7722 4
7721 25
7734 4
7737 4
7731 34
7733 4
7735 3
7732 26
7736 46
7747 4
7743 3
7744 4
7745 2
7741 45
7742 4
7746 4
7755 45
7757 5
7754 4
7751 4
7753 3
7752 24
7756 456
7767 4
7763 4
7762 4
7764 4
7766 246
7765 5
7761 46
7774 4
7773 4
7776 46
7775 5
7772 4
7777 4
7771 4