51114 3
51113 4
51115 5
51116 4
51111 34
51112 4
51117 4
51126 4
51125 5
51121 456
51127 5
51124 6
51122 5
51123 36
51134 4
51133 34
51131 5
51132 35
51137 56
51135 5
51136 46
51143 4
51144 4
51141 4
51146 4
51145 5
51147 4
51142 4
51154 36
51151 3
51155 4
51153 4
51157 2
51156 4
51152 23
51162 2456
51164 4
51161 5
51166 4
51165 5
51163 3
51167 235
51175 5
51174 6
51173 4
51172 245
51171 4
51176 456
51177 4
51215 145
51214 3
51213 4
51217 14
51216 4
51211 4
51212 14
51223 4
51224 3
51225 4
51226 4
51222 3
51221 45
51227 46
51235 2
51233 3
51232 3
51234 4
51236 5
51231 35
51237 6
51244 4
51245 25
51243 4
51246 4
51242 1
51247 4
51241 4
51253 4
51254 3
51252 2
51257 4
51255 3
51256 4
51251 23
51263 4
51266 4
51264 3
51262 4
51265 5
51261 2456
51267 2346
51275 245
51274 3
51272 4
51273 4
51271 245
51276 6
51277 2
51314 1234567
51315 14
51313 14
51316 4
51312 4
51317 14
51311 4
51325 4
51323 36
51326 4
51322 3
51324 6
51321 36
51327 5
51334 1234567
51335 4
51332 4
51333 4
51336 4
51337 4
51331 4
51343 3
51345 5
51344 4
51342 4
51346 3
51341 4
51347 4
51354 1234567
51353 4
51355 4
51352 4
51356 4
51351 4
51357 4
51365 235
51362 4
51363 2345
51364 2
51366 3
51361 3
51367 5
51374 1234567
51375 4
51373 4
51376 4
51372 4
51377 4
51371 4
51416 1234567
51414 3
51415 136
51413 1234567
51412 3
51417 6
51411 36
51426 1234567
51424 6
51425 6
51427 6
51422 6
51423 6
51421 6
51435 347
51433 4567
51437 6
51431 4
51432 4
51436 7
51434 4
51446 1234567
51443 1234567
51445 6
51444 36
51442 3
51441 3
51447 6
51453 1234567
51456 1234567
51454 3
51455 36
51452 3
51451 36
51457 6
51465 4
51464 4
51462 3
51463 2
51466 4
51467 45
51461 4
51473 1234567
51474 3
51475 3
51472 3
51471 6
51476 3
51477 3
51515 5
51514 136
51516 14
51513 14
51517 14
51512 145
51511 4
51525 5
51526 4
51524 6
51523 4
51527 4
51521 5
51522 5
51533 4
51534 347
51536 5
51535 5
51532 2
51537 46
51531 5
51544 4
51543 5
51545 5
51546 5
51547 25
51542 25
51541 5
51554 3
51553 4
51556 4
51552 4
51557 4
51555 4
51551 45
51563 235
51564 4
51565 5
51562 5
51566 5
51567 5
51561 5
51573 4
51574 3
51575 5
51572 245
51576 5
51571 5
51577 5
51614 1234567
51615 14
51616 4
51617 4
51613 4
51611 4
51612 4
51624 1234567
51626 4
51627 4
51625 4
51623 4
51622 4
51621 4
51637 4
51635 5
51636 4
51633 4
51634 7
51632 5
51631 46
51646 2
51643 3
51644 4
51645 5
51647 4
51642 4
51641 4
51654 1234567
51657 4
51655 4
51656 47
51653 4
51651 4
51652 4
51664 1234567
51665 4
51663 4
51667 4
51666 4
51661 34
51662 47
51675 5
51673 4
51676 5
51674 3
51677 346
51672 6
51671 456
51715 14
51716 4
51714 6
51713 14
51712 14
51717 14
51711 4
51725 4
51726 4
51724 6
51727 4
51722 4
51721 5
51723 5
51736 4
51734 6
51735 46
51733 4
51737 4
51731 56
51732 6
51744 4
51747 45
51745 25
51746 4
51743 4
51742 4
51741 4
51756 4
51755 4
51751 2
51752 4
51754 6
51757 4
51753 4
51764 45
51765 5
51762 2346
51767 236
51766 6
51763 5
51761 235
51775 4
51774 6
51773 4
51776 4
51777 4
51772 4
51771 4
52114 6
52116 4
52113 3
52115 5
52111 2456
52112 3456
52117 6
52124 6
52123 35
52126 47
52127 45
52121 5
52125 5
52122 26
52134 3
52135 35
52133 5
52137 56
52131 5
52132 2
52136 57
52145 5
52142 4
52146 4
52143 4
52141 45
52144 4
52147 24
52154 6
52153 2356
52156 347
52157 5
52151 2456
52152 56
52155 56
52164 4
52165 5
52163 35
52167 5
52162 256
52166 26
52161 5
52174 45
52175 5
52176 235
52173 3
52172 2
52171 5
52177 25
52216 4
52212 46
52213 3
52214 6
52215 5
52217 4
52211 5
52224 36
52226 4
52225 2
52222 367
52223 236
52227 6
52221 6
52234 4
52235 45
52236 5
52232 5
52233 2
52237 5
52231 2
52244 4
52242 12345
52243 45
52245 5
52246 56
52241 4
52247 5
52254 6
52256 4
52253 5
52255 5
52257 56
52252 256
52251 56
52262 5
52264 45
52263 6
52265 5
52267 5
52266 246
52261 256
52275 5
52274 45
52272 5
52276 5
52273 5
52277 25
52271 2
52315 4
52313 36
52316 4
52312 3
52314 6
52311 36
52317 5
52324 6
52326 4
52323 23
52327 35
52325 5
52322 236
52321 35
52334 6
52336 4
52335 5
52333 5
52331 2356
52337 2356
52332 3
52344 4
52343 3
52345 5
52342 45
52346 3456
52341 4
52347 45
52356 4
52354 6
52353 3
52355 35
52351 2356
52357 5
52352 5
52364 4
52365 5
52362 6
52363 3
52366 2
52367 35
52361 35
52375 3456
52373 356
52376 4
52374 6
52372 5
52377 5
52371 3
52416 1234567
52414 6
52415 6
52417 6
52412 6
52413 6
52411 6
52426 1234567
52424 6
52425 6
52423 6
52422 6
52427 6
52421 6
52435 347
52434 4
52436 7
52432 4
52433 4
52437 6
52431 3
52446 1234567
52445 6
52444 6
52443 6
52447 6
52442 6
52441 6
52456 1234567
52454 3
52453 6
52457 6
52455 6
52451 6
52452 6
52464 4
52465 5
52463 4
52461 4
52462 45
52467 46
52466 2
52476 3
52475 6
52474 4
52472 45
52473 6
52471 45
52477 4
52515 5
52516 4
52514 6
52513 4
52517 4
52511 5
52512 5
52525 5
52524 6
52526 4
52527 4
52523 5
52522 5
52521 5
52534 347
52535 5
52536 5
52537 346
52532 45
52533 5
52531 35
52544 4
52545 5
52543 5
52546 5
52547 2
52542 5
52541 5
52554 6
52556 4
52553 23456
52555 36
52557 5
52552 5
52551 5
52564 5
52565 5
52563 5
52566 5
52567 5
52562 5
52561 5
52573 3456
52574 6
52575 5
52576 5
52572 5
52577 5
52571 5
52614 1234567
52616 4
52615 4
52617 4
52613 4
52612 4
52611 4
52624 1234567
52625 4
52626 24
52623 4
52627 4
52622 4
52621 47
52637 4
52635 5
52634 7
52636 457
52632 5
52633 3
52631 57
52643 3456
52645 5
52646 4
52647 4
52644 4
52642 56
52641 4
52654 1234567
52653 4
52655 4
52657 4
52656 347
52652 4
52651 347
52664 1234567
52665 4
52662 4
52663 4
52667 4
52666 3
52661 4
52674 3
52676 35
52675 5
52673 4
52672 5
52677 45
52671 235
52715 4
52716 4
52714 6
52717 4
52712 4
52711 5
52713 5
52726 4
52724 6
52725 4
52723 35
52727 456
52722 6
52721 45
52736 4
52735 346
52734 6
52733 4
52732 5
52737 34
52731 56
52744 34
52745 2
52746 4
52743 45
52742 5
52747 45
52741 24
52756 4
52754 6
52753 5
52757 45
52755 4
52752 56
52751 5
52764 46
52762 5
52765 5
52766 2
52763 35
52767 25
52761 5
52776 4
52772 4
52774 6
52775 5
52773 3456
52771 6
52777 456
53115 35
53114 4
53111 3
53113 3
53112 3
53117 3
53116 357
53124 3
53125 35
53123 5
53121 5
53127 56
53122 2
53126 57
53134 34
53136 5
53135 5
53131 5
53137 4
53132 123567
53133 5
53144 4
53145 5
53143 34
53141 4
53147 3
53146 3
53142 5
53157 35
53151 3
53152 35
53155 3
53154 34
53153 3
53156 3
53165 5
53166 3
53164 4
53162 3
53167 3
53161 35
53163 3
53175 5
53174 34
53171 5
53172 3
53173 3
53176 356
53177 3
53215 2
53214 4
53212 3
53213 3
53216 5
53211 35
53217 6
53225 5
53224 34
53226 26
53222 3
53223 3
53227 5
53221 23
53234 24
53232 3
53237 356
53236 357
53235 5
53233 35
53231 123567
53242 5
53245 2
53244 4
53246 4
53247 5
53241 5
53243 3
53254 4
53257 3
53253 3
53251 35
53255 3
53256 3
53252 5
53265 2356
53264 3456
53262 2
53266 6
53261 3
53263 3
53267 3
53274 25
53275 5
53273 3
53271 3
53272 2
53276 3
53277 3
53315 4
53314 4567
53313 3456
53311 34
53316 4
53312 3
53317 4
53324 4
53327 4
53326 3
53325 5
53323 345
53321 5
53322 2
53335 3
53334 4
53336 4
53333 5
53337 34
53332 3
53331 35
53343 4
53345 5
53344 34
53341 34
53347 3
53342 3
53346 3
53353 5
53354 3
53357 3
53355 357
53351 3
53352 3
53356 3
53365 6
53363 6
53364 3456
53366 5
53367 3
53362 3
53361 3
53373 2356
53374 34
53375 5
53372 3
53371 3
53376 6
53377 3
53415 347
53413 4567
53417 6
53412 4
53411 4
53414 4
53416 7
53425 347
53424 4
53426 7
53422 4
53423 4
53427 6
53421 3
53437 6
53436 7
53435 5
53433 4
53434 34
53431 34
53432 24
53445 5
53446 7
53447 6
53444 3
53442 4
53441 3
53443 34
53454 4
53456 7
53452 4
53457 6
53455 5
53453 3
53451 34
53465 5
53464 4
53463 3456
53466 3
53462 3456
53467 346
53461 4
53475 5
53473 34
53474 4
53476 34
53472 25
53471 34
53477 4
53514 347
53513 4
53516 5
53515 5
53512 2
53517 46
53511 5
53524 347
53525 5
53522 45
53526 5
53527 346
53523 5
53521 35
53536 5
53534 5
53533 5
53535 5
53537 5
53532 5
53531 5
53544 4
53543 5
53542 2
53546 5
53545 5
53541 5
53547 5
53554 34
53557 6
53553 5
53556 3467
53555 3
53551 3
53552 3
53564 5
53563 6
53562 2356
53566 3
53565 5
53567 5
53561 5
53574 5
53575 5
53573 5
53571 5
53576 5
53577 5
53572 5
53617 4
53615 5
53616 4
53613 4
53614 7
53612 5
53611 46
53627 4
53624 7
53626 457
53625 5
53622 5
53623 3
53621 57
53637 4
53634 7
53636 35
53635 5
53633 5
53632 357
53631 5
53646 34
53645 5
53642 4
53641 3
53647 34
53643 3
53644 4
53657 4
53654 7
53656 356
53655 35
53653 3
53651 3
53652 3
53664 7
53667 4
53665 5
53666 37
53662 57
53661 57
53663 6
53674 34
53675 5
53676 6
53672 3
53673 6
53671 356
53677 3
53716 4
53715 46
53714 6
53713 4
53717 4
53711 56
53712 6
53726 4
53725 346
53724 6
53723 4
53722 5
53727 34
53721 56
53736 4
53734 6
53737 4
53733 356
53735 5
53732 356
53731 4
53744 24
53743 3
53742 5
53745 5
53746 34
53741 3
53747 34
53756 4
53754 6
53755 3
53752 3
53753 3
53751 35
53757 45
53765 5
53764 346
53766 6
53763 3
53767 3
53762 3
53761 3
53773 45
53775 5
53776 4
53772 5
53774 6
53777 4
53771 3
54113 345
54115 5
54111 4
54114 4
54116 4
54112 4
54117 4
54126 4
54123 4
54121 45
54124 4
54125 5
54122 4
54127 24
54135 5
54134 4
54131 4
54133 34
54136 3
54132 5
54137 3
54143 345
54145 4
54146 456
54142 245
54141 45
54147 457
54144 5
54151 4
54153 4
54155 4
54157 4
54154 45
54152 4
54156 4
54164 4
54165 5
54162 4
54167 456
54161 46
54163 34
54166 56
54175 5
54172 4
54176 4
54171 4
54174 4
54173 4
54177 4
54213 4
54215 25
54214 4
54212 1
54216 4
54217 4
54211 4
54223 234
54222 4
54227 4
54224 4
54225 2
54226 4
54221 4
54232 5
54235 2
54234 4
54237 5
54236 4
54233 3
54231 5
54245 4
54243 45
54246 45
54244 24
54242 24
54247 245
54241 245
54253 34
54256 4
54257 45
54255 4
54251 4
54252 2
54254 45
54265 5
54262 124
54263 2345
54266 24
54261 4
54264 4
54267 5
54275 25
54273 5
54272 2
54274 4
54276 4
54271 4
54277 4
54315 5
54313 3
54314 4
54316 3
54312 4
54311 4
54317 4
54323 3
54324 4
54325 5
54326 3456
54322 45
54321 4
54327 45
54335 5
54331 4
54333 4
54334 3
54337 4
54332 35
54336 45
54343 4
54345 4
54342 45
54346 34
54344 345
54341 345
54347 345
54354 5
54355 4
54353 3
54356 35
54357 4
54351 4
54352 34
54364 4
54363 3
54365 5
54362 2345
54366 34
54367 4
54361 34
54375 5
54373 3
54374 4
54376 4
54372 5
54377 4
54371 4
54415 4
54414 1245
54413 4
54417 4
54416 4
54412 4
54411 4
54425 4
54424 1345
54423 4
54422 4
54427 34
54426 4
54421 4
54434 25
54435 4
54437 24
54433 34
54432 4
54431 4
54436 4
54445 4
54443 4
54447 5
54442 4
54441 4
54446 4
54444 1245
54454 123457
54453 5
54457 4
54456 45
54455 4
54452 45
54451 45
54466 4
54465 4
54463 4
54464 4567
54467 4
54461 4
54462 4
54474 45
54475 4
54473 4
54472 4
54476 4
54471 4
54477 4
54514 4
54515 5
54513 5
54516 5
54517 25
54512 25
54511 5
54525 5
54524 4
54523 5
54526 5
54527 2
54522 5
54521 5
54534 4
54533 5
54532 2
54536 5
54535 5
54531 5
54537 5
54542 4
54543 4
54545 5
54546 4
54547 45
54541 4
54544 5
54554 4
54553 345
54556 456
54552 4
54557 4
54551 4
54555 4
54564 4
54566 5
54563 5
54562 5
54565 5
54567 5
54561 5
54573 5
54576 5
54575 5
54574 4
54577 5
54571 5
54572 25
54613 3
54615 5
54616 2
54614 4
54612 4
54617 4
54611 4
54625 5
54623 3456
54626 4
54624 4
54627 4
54622 56
54621 4
54636 34
54635 5
54632 4
54637 34
54631 3
54633 3
54634 4
54642 45
54645 4
54643 34
54647 12456
54646 4
54641 456
54644 4
54653 35
54656 56
54657 45
54655 4
54654 45
54652 4
54651 4
54665 5
54663 456
54662 4
54667 4
54661 4
54666 4
54664 4
54673 4
54675 5
54676 567
54674 4
54672 4
54671 4
54677 4
54715 25
54714 4
54717 45
54713 4
54712 4
54716 4
54711 4
54724 34
54726 4
54725 2
54722 5
54727 45
54723 45
54721 24
54734 24
54735 5
54733 3
54732 5
54736 34
54731 3
54737 34
54745 45
54746 12456
54747 34
54742 245
54743 345
54741 457
54744 5
54755 4
54753 4
54754 4
54756 45
54757 5
54751 4
54752 45
54764 4
54765 5
54763 4
54767 47
54762 5
54766 4
54761 456
54775 5
54777 4
54773 345
54776 4
54774 4
54772 4
54771 4
55113 4
55111 4
55114 6
55112 45
55115 4
55116 4
55117 456
55124 6
55123 2356
55126 347
55127 5
55121 2456
55122 56
55125 56
55133 3
55137 35
55134 34
55135 3
55131 3
55132 35
55136 3
55141 4
55145 4
55143 4
55147 4
55142 4
55144 45
55146 4
55154 56
55152 356
55153 45
55156 3457
55157 45
55151 5
55155 6
55162 5
55164 45
55163 2356
55161 256
55167 5
55166 5
55165 56
55174 3
55175 4
55173 4
55172 5
55176 356
55171 24567
55177 5
55213 4
55214 3
55212 2
55217 4
55215 3
55216 4
55211 23
55224 3
55223 4
55225 4
55227 346
55226 4
55222 34
55221 4
55234 4
55237 3
55231 35
55233 3
55235 3
55236 3
55232 5
55243 34
55246 4
55242 2
55245 4
55247 45
55244 45
55241 4
55253 4
55254 3
55257 45
55255 4
55252 5
55256 3457
55251 356
55264 3
55263 4
55262 5
55265 5
55267 45
55261 5
55266 25
55273 4
55274 3
55275 5
55272 7
55271 5
55276 356
55277 5
55314 1234567
55313 4
55315 4
55312 4
55316 4
55311 4
55317 4
55326 4
55324 6
55323 3
55325 35
55321 2356
55327 5
55322 5
55334 1234567
55332 4
55336 4
55331 4
55337 4
55333 4
55335 4
55343 3
55341 4
55347 4
55345 4
55346 35
55344 5
55342 34
55354 1234567
55356 4
55352 4
55353 5
55357 45
55355 4
55351 45
55362 4
55364 2
55365 3
55363 3
55367 2356
55366 5
55361 2356
55374 1234567
55373 4
55376 4
55375 4
55372 4
55371 4
55377 4
55413 1234567
55416 1234567
55414 3
55415 36
55412 3
55411 36
55417 6
55426 1234567
55424 3
55423 6
55427 6
55425 6
55421 6
55422 6
55434 4
55436 7
55432 4
55435 5
55437 6
55433 3
55431 34
55446 1234567
55443 1234567
55441 36
55442 3
55445 36
55447 6
55444 3
55456 1234567
55453 1234567
55452 3
55454 5
55457 6
55451 56
55455 3
55462 3
55464 4
55463 2
55465 5
55467 456
55466 56
55461 45
55473 1234567
55474 3
55476 3
55475 3
55472 3
55471 3
55477 236
55515 34
55514 36
55513 4
55516 4
55517 4
55511 4
55512 3
55526 4
55525 367
55524 6
55523 35
55527 4
55522 5
55521 56
55535 3
55537 3
55534 5
55533 357
55536 35
55531 3
55532 3
55545 4
55547 4
55543 4
55546 4
55541 4
55542 4
55544 4
55553 4
55556 4
55554 36
55552 3
55555 4
55557 4
55551 4
55565 24
55564 5
55562 5
55563 3
55566 6
55567 6
55561 56
55573 4
55574 3
55575 234
55572 5
55576 5
55571 4
55577 5
55614 1234567
55617 4
55615 4
55613 4
55616 47
55611 4
55612 4
55624 1234567
55623 4
55625 4
55627 4
55626 347
55622 4
55621 347
55634 7
55637 4
55636 356
55635 35
55633 3
55631 3
55632 3
55645 4
55642 4
55643 35
55647 45
55644 45
55646 56
55641 4
55654 1234567
55653 4
55657 4
55652 3457
55656 45
55655 347
55651 3457
55664 1234567
55663 4
55665 4
55667 4
55662 347
55666 347
55661 347
55674 3
55673 4
55675 5
55676 5
55671 356
55672 356
55677 5
55716 4
55715 4
55711 2
55714 6
55712 4
55717 4
55713 4
55726 4
55724 6
55723 5
55727 45
55725 4
55722 56
55721 5
55736 4
55734 6
55735 3
55732 3
55733 3
55731 35
55737 45
55743 4
55745 4
55744 4
55746 45
55741 4
55742 45
55747 5
55756 4
55754 6
55752 45
55757 5
55753 45
55755 4
55751 45
55764 456
55763 2356
55762 45
55766 5
55767 5
55765 6
55761 5
55775 4
55777 56
55776 4
55773 4
55774 6
55772 46
55771 56
56112 2
56114 4
56115 5
56113 2345
56116 6
56111 256
56117 5
56124 4
56125 5
56123 35
56127 5
56122 256
56126 26
56121 5
56135 5
56136 3
56134 4
56132 3
56131 35
56137 3
56133 3
56145 5
56144 4
56142 4
56143 34
56147 456
56141 46
56146 56
56152 5
56154 45
56153 2356
56151 256
56157 5
56156 5
56155 56
56164 4
56163 35
56162 5
56165 56
56161 6
56167 456
56166 5
56175 5
56174 46
56172 23456
56173 3
56176 6
56171 456
56177 5
56213 4
56216 4
56214 3
56212 4
56215 5
56211 2456
56217 2346
56223 4
56224 3
56225 5
56226 5
56222 46
56227 456
56221 45
56235 2356
56234 3456
56232 2
56236 6
56231 3
56237 3
56233 3
56245 5
56246 24
56242 124
56243 2345
56241 4
56244 4
56247 5
56254 3
56253 4
56252 5
56255 5
56257 45
56251 5
56256 25
56263 4
56264 3
56262 3
56265 56
56261 5
56266 36
56267 5
56275 5
56272 5
56273 4
56274 3
56276 5
56277 5
56271 23456
56315 235
56312 4
56313 2345
56314 2
56316 3
56311 3
56317 5
56324 4
56325 5
56322 6
56323 3
56326 2
56327 35
56321 35
56332 4
56334 2
56335 5
56333 35
56337 2356
56331 3
56336 3
56344 4
56345 5
56343 3
56342 2345
56346 34
56347 4
56341 34
56352 4
56354 2
56355 3
56353 3
56357 2356
56356 5
56351 2356
56364 2
56362 4
56363 3
56365 56
56361 35
56366 256
56367 35
56375 25
56373 4
56372 4
56376 5
56374 2
56377 25
56371 3
56415 4
56414 4
56412 3
56413 2
56416 4
56417 45
56411 4
56424 4
56425 5
56421 4
56423 4
56422 45
56427 46
56426 2
56434 4
56435 5
56433 3456
56436 3
56432 3456
56437 346
56431 4
56442 3
56445 4
56443 2
56441 4
56446 46
56447 2456
56444 4
56454 4
56452 3
56453 2
56457 456
56455 5
56456 56
56451 45
56463 2
56462 3
56464 4
56465 56
56461 4
56466 5
56467 2456
56474 4
56472 3
56475 5
56476 5
56473 2
56471 46
56477 5
56514 4
56513 235
56515 5
56512 5
56516 5
56517 5
56511 5
56524 5
56525 5
56526 5
56523 5
56527 5
56522 5
56521 5
56534 5
56536 3
56533 6
56532 2356
56535 5
56537 5
56531 5
56544 4
56546 5
56543 5
56542 5
56545 5
56547 5
56541 5
56554 234
56552 456
56556 2
56553 3456
56555 26
56557 5
56551 56
56564 56
56565 5
56562 56
56563 56
56567 56
56561 56
56566 5
56573 25
56572 5
56575 5
56574 5
56576 56
56577 5
56571 5
56612 4
56616 2
56615 5
56614 4
56613 3
56611 4
56617 6
56625 5
56626 2
56624 2
56623 2
56627 2
56622 246
56621 26
56635 3
56634 3
56633 5
56636 3
56637 6
56632 6
56631 3
56645 5
56644 4
56643 34
56642 24
56647 4
56646 46
56641 56
56656 5
56655 6
56654 56
56657 5
56653 5
56652 25
56651 5
56665 5
56662 36
56664 4
56663 256
56666 5
56667 3
56661 23456
56673 5
56672 5
56675 56
56674 5
56676 25
56677 6
56671 6
56715 5
56714 45
56716 6
56712 2346
56717 236
56713 5
56711 235
56724 46
56722 5
56725 5
56726 2
56727 25
56723 35
56721 5
56734 346
56735 5
56736 6
56737 3
56732 3
56733 3
56731 3
56744 4
56745 5
56743 4
56746 4
56747 47
56741 456
56742 5
56754 456
56752 45
56753 2356
56756 5
56757 5
56751 5
56755 6
56765 56
56764 2456
56763 35
56762 5
56761 456
56766 5
56767 56
56772 5
56775 5
56774 456
56773 5
56776 6
56777 5
56771 5
57115 5
57113 4
57114 3
57112 45
57111 4
57116 4
57117 4
57124 45
57125 5
57123 3
57126 235
57122 2
57121 5
57127 25
57135 5
57134 34
57131 5
57132 3
57133 3
57136 356
57137 3
57145 5
57141 4
57146 4
57143 4
57142 4
57144 4
57147 4
57154 3
57153 4
57155 4
57152 5
57156 356
57151 24567
57157 5
57162 23456
57164 46
57165 5
57163 3
57166 6
57161 456
57167 5
57173 47
57174 36
57175 5
57172 5
57171 5
57176 134567
57177 5
57215 245
57213 4
57214 3
57212 4
57211 245
57216 6
57217 2
57223 4
57224 3
57225 5
57226 2
57222 2
57221 4
57227 5
57234 25
57235 5
57233 3
57231 3
57232 2
57236 3
57237 3
57245 25
57243 5
57244 4
57242 2
57241 4
57246 4
57247 4
57253 4
57254 3
57255 5
57252 7
57251 5
57256 356
57257 5
57265 5
57262 5
57264 3
57263 4
57266 5
57267 5
57261 23456
57275 5
57274 3
57273 4
57276 24567
57277 5
57272 5
57271 5
57314 1234567
57315 4
57313 4
57316 4
57312 4
57317 4
57311 4
57325 3456
57323 356
57326 4
57324 6
57322 5
57327 5
57321 3
57334 1234567
57335 4
57333 4
57332 4
57336 4
57337 4
57331 4
57345 5
57343 3
57346 4
57344 4
57342 5
57347 4
57341 4
57354 1234567
57353 4
57356 4
57355 4
57352 4
57351 4
57357 4
57365 25
57363 4
57362 4
57366 5
57364 2
57367 25
57361 3
57374 1234567
57373 47
57375 47
57371 47
57372 4
57376 4
57377 4
57414 3
57413 1234567
57415 3
57412 3
57411 6
57416 3
57417 3
57426 3
57425 6
57424 4
57422 45
57423 6
57421 45
57427 4
57433 34
57435 5
57436 34
57434 4
57432 25
57437 4
57431 34
57443 1234567
57445 6
57444 3
57446 3
57442 3
57447 3
57441 3
57453 1234567
57454 3
57456 3
57455 3
57452 3
57451 3
57457 236
57464 4
57462 3
57465 5
57466 5
57463 2
57461 46
57467 5
57473 1234567
57474 3
57475 3
57472 3
57477 3
57476 3
57471 36
57513 4
57514 3
57515 5
57512 245
57516 5
57511 5
57517 5
57523 3456
57525 5
57524 6
57526 5
57522 5
57527 5
57521 5
57534 5
57533 5
57535 5
57531 5
57536 5
57537 5
57532 5
57543 5
57546 5
57545 5
57544 4
57547 5
57541 5
57542 25
57553 4
57554 3
57556 346
57557 123456
57555 4
57552 3
57551 5
57563 25
57562 5
57565 5
57564 5
57566 56
57567 5
57561 5
57574 3
57573 47
57575 5
57572 5
57576 5
57577 45
57571 5
57615 5
57613 4
57616 5
57614 3
57617 346
57612 6
57611 456
57624 3
57623 4
57626 35
57625 5
57622 5
57627 45
57621 235
57635 5
57634 34
57636 6
57632 3
57633 6
57631 356
57637 3
57645 5
57643 4
57646 567
57642 4
57644 4
57641 4
57647 4
57654 3
57653 4
57655 5
57656 5
57651 356
57652 356
57657 5
57663 4
57664 3
57665 5
57666 3
57662 35
57661 35
57667 346
57675 5
57673 4
57674 3
57672 24567
57676 57
57677 456
57671 134567
57714 3
57713 4
57717 4
57715 5
57716 346
57712 2
57711 4
57725 5
57724 4
57726 45
57727 25
57723 5
57722 25
57721 25
57734 4
57737 5
57735 5
57732 3
57731 3
57733 3
57736 3
57745 5
57746 4
57747 4
57743 4
57744 4
57742 4
57741 4
57754 236
57757 245
57753 4
57755 5
57752 5
57751 5
57756 5
57762 5
57765 5
57767 5
57764 5
57766 6
57763 25
57761 5
57774 3
57775 4
57773 4
57772 5
57776 456
57777 5
57771 5