5111 4
5114 2
5112 2
5115 4
5113 2
5117 24
5116 2
5121 4
5124 2
5122 4
5125 245
5126 26
5127 5
5123 35
5133 4
5137 4
5131 4
5135 4
5134 345
5136 35
5132 3
5141 36
5143 35
5145 36
5147 3
5144 36
5142 6
5146 5
5151 45
5157 2345
5155 4
5154 5
5153 45
5152 4
5156 35
5165 4
5162 4
5164 4
5166 4
5161 4
5163 46
5167 346
5171 4
5174 5
5175 45
5177 4
5173 45
5172 4
5176 2457
5214 4
5212 6
5215 56
5216 256
5213 5
5211 24
5217 456
5221 24
5225 245
5224 2
5222 4
5226 6
5223 5
5227 5
5232 256
5234 25
5235 5
5233 3
5231 3
5236 35
5237 35
5242 6
5243 5
5244 6
5245 6
5247 2456
5246 2
5241 6
5254 5
5253 45
5251 4
5257 35
5255 3
5256 5
5252 45
5261 4
5266 4
5265 4
5262 4
5264 4
5263 46
5267 346
5272 4
5275 456
5273 45
5274 2
5271 4
5276 5
5277 24
5314 345
5313 235
5315 3
5311 5
5316 3
5317 5
5312 5
5324 4
5323 3
5326 5
5325 3
5322 5
5321 35
5327 3
5334 3
5331 34
5335 35
5332 35
5333 35
5336 56
5337 3
5343 4
5344 367
5341 35
5346 3
5347 3
5345 34567
5342 5
5354 25
5356 25
5353 5
5355 3
5352 45
5351 45
5357 5
5363 3
5364 46
5366 4
5365 45
5361 46
5362 46
5367 6
5374 5
5373 3
5375 34
5377 3
5372 45
5371 45
5376 3
5414 5
5413 345
5415 4
5412 4
5417 5
5416 456
5411 4
5423 4
5426 2
5424 4
5422 4
5425 4
5427 5
5421 2
5433 35
5434 4
5431 345
5435 35
5432 25
5437 345
5436 36
5446 4
5441 4
5442 4
5443 4
5447 4
5445 4
5444 4
5453 25
5455 4
5452 5
5456 45
5454 5
5457 5
5451 5
5461 4
5464 4
5466 4
5463 46
5465 4
5467 6
5462 4
5471 5
5475 5
5474 24567
5473 5
5476 5
5477 4
5472 2
5514 4
5515 256
5513 3
5517 12345
5516 5
5511 4
5512 56
5525 46
5522 4
5524 4
5526 5
5527 245
5523 3
5521 245
5533 4
5531 4
5534 35
5535 4
5537 4
5532 5
5536 5
5545 36
5544 36
5541 36
5543 34567
5542 6
5546 56
5547 3
5551 4
5554 4
5555 4
5553 3
5552 4
5556 256
5557 345
5561 4
5565 4
5566 4
5562 4
5564 4
5563 45
5567 345
5575 4
5574 5
5573 34
5577 45
5571 45
5576 3456
5572 456
5614 456
5616 2
5615 5
5613 3
5612 256
5611 26
5617 2
5622 2
5624 2
5625 5
5626 2
5621 26
5623 5
5627 5
5636 236
5634 36
5633 3
5635 5
5631 35
5632 35
5637 5
5646 5
5643 3
5644 246
5645 56
5642 2
5641 5
5647 26
5654 45
5653 25
5656 5
5657 356
5655 5
5651 35
5652 5
5663 35
5664 6
5666 36
5665 5
5661 2
5662 2
5667 5
5674 5
5675 3456
5676 5
5673 3
5672 5
5677 456
5671 2457
5714 5
5717 45
5715 12345
5711 45
5713 5
5712 456
5716 2
5724 5
5727 45
5725 245
5722 2345
5721 5
5726 5
5723 3
5737 4
5733 4
5731 4
5734 345
5735 4
5736 5
5732 35
5744 3
5747 3
5741 3
5743 3
5742 2456
5746 26
5745 3
5757 345
5754 5
5751 2345
5753 5
5755 3457
5756 356
5752 35
5767 1234567
5764 6
5765 345
5766 3
5761 346
5762 346
5763 6
5774 5
5777 4
5771 4
5776 2
5775 4
5773 35
5772 25
