3111 4
3114 3
3115 35
3112 6
3113 4
3117 4
3116 36
3123 345
3124 2
3121 1234567
3122 5
3126 245
3127 245
3125 2
3137 3456
3131 345
3134 3
3135 3
3132 235
3133 1345
3136 35
3141 5
3144 5
3147 5
3145 5
3142 26
3143 5
3146 2346
3155 4
3157 4
3153 4
3151 4
3154 345
3156 35
3152 3
3164 3
3166 3456
3163 346
3161 34
3165 5
3162 3
3167 3
3174 3
3173 34567
3177 34
3171 34
3175 3
3172 6
3176 234
3214 3
3213 2345
3212 3
3211 234
3216 3
3215 5
3217 1346
3224 2
3222 25
3223 3
3225 35
3226 6
3227 6
3221 3
3234 34
3232 3
3235 36
3231 235
3233 3
3236 3
3237 35
3242 3
3245 5
3244 246
3241 26
3246 6
3243 23
3247 3
3252 256
3254 25
3253 3
3255 5
3256 35
3251 3
3257 35
3266 6
3263 3
3262 6
3264 6
3267 26
3265 3
3261 3
3273 3
3274 234
3272 6
3275 5
3277 26
3276 236
3271 6
3313 4
3314 3
3317 34
3312 2345
3311 34
3316 234
3315 45
3327 4
3322 4
3323 4
3321 345
3326 4
3324 4
3325 34
3334 4
3337 4
3333 4
3335 5
3336 4
3332 236
3331 345
3344 25
3343 25
3347 25
3346 2
3345 12345
3342 23
3341 5
3355 4
3353 4
3354 35
3357 4
3351 4
3356 3
3352 3
3366 4
3363 24
3362 3
3364 4
3361 346
3365 5
3367 346
3374 4
3373 236
3371 34567
3372 3
3375 5
3377 4
3376 23
3417 3
3414 12346
3413 3
3412 3
3415 3
3411 4
3416 6
3424 4
3423 4
3427 4
3422 4
3421 2
3426 4
3425 24
3433 4
3435 36
3434 3
3432 34
3431 3
3436 3
3437 3
3447 4
3442 4
3446 4
3443 4
3445 4
3441 4
3444 4
3453 35
3455 35
3454 4
3457 345
3451 345
3456 36
3452 25
3464 4
3466 4
3465 4
3462 6
3463 4
3461 3
3467 6
3473 4
3474 3
3475 345
3477 4
3471 3
3472 234
3476 4
3514 3
3515 5
3513 45
3511 5
3517 34
3516 34
3512 5
3525 5
3522 4
3524 24
3523 34
3527 24
3526 24
3521 2
3534 36
3532 36
3537 34
3535 3
3533 5
3531 3
3536 34
3544 125
3545 4
3541 5
3542 5
3547 35
3543 12345
3546 3
3557 45
3554 5
3553 35
3555 35
3552 23
3556 35
3551 5
3564 4
3565 5
3563 5
3566 3
3561 5
3562 3
3567 35
3573 5
3574 345
3575 356
3577 3
3572 5
3571 3
3576 3
3613 234
3616 4
3614 6
3617 4
3612 3
3615 34
3611 46
3623 4
3622 4
3627 4
3626 4
3624 4
3625 24
3621 245
3634 3
3637 4
3635 34
3632 3
3633 5
3631 35
3636 34
3646 2
3643 2
3644 2
3645 3
3642 6
3641 2346
3647 2
3656 236
3654 36
3653 3
3655 5
3651 35
3652 35
3657 5
3664 6
3663 346
3667 46
3666 4
3665 3
3662 2
3661 3
3673 23
3674 4
3675 3
3672 236
3676 2
3671 234
3677 46
3714 3
3717 4
3713 34
3711 4
3716 4
3715 34
3712 1346
3723 4
3726 4
3727 4
3724 4
3722 4
3725 24
3721 245
3737 34
3731 3456
3733 4
3735 34
3734 3
3736 4
3732 35
3747 25
3745 35
3743 25
3741 5
3744 25
3742 3
3746 2
3753 4
3757 4
3754 345
3751 4
3755 4
3756 5
3752 35
3767 4
3764 6
3766 4
3762 26
3763 346
3761 3
3765 35
3774 6
3777 4
3773 4
3771 46
3776 6
3772 6
3775 6