11111 2345
11115 4
11116 4
11113 234
11114 34
11112 4
11117 46
11124 4
11122 2
11126 5
11121 25
11127 2
11125 2456
11123 3
11133 34
11131 34
11137 45
11135 3
11134 34
11136 3
11132 3
11143 4
11141 4
11145 4
11147 45
11146 4
11144 46
11142 45
11151 4
11152 4
11154 25
11155 4
11157 4
11153 4
11156 2
11161 4
11162 4
11166 4
11164 34
11167 134
11165 256
11163 234
11174 4
11171 4
11173 4
11177 4
11176 346
11175 4
11172 4
11214 3
11212 134
11213 4
11215 14
11211 24
11217 134
11216 14
11223 4
11224 3
11222 234
11227 4
11225 4
11221 24
11226 3467
11234 4
11235 3
11232 2
11233 3
11237 3
11231 3
11236 3
11242 2
11243 4
11245 4
11241 45
11247 4
11246 4
11244 14
11252 4
11255 4
11254 3
11251 4
11257 2345
11253 4
11256 2356
11262 4
11264 3
11263 4
11266 4
11265 2
11261 4
11267 3
11272 234
11274 3
11273 4
11275 45
11271 4
11276 3
11277 234
11313 1246
11315 4
11316 4
11314 2
11312 4
11311 34
11317 4
11326 3
11323 3
11324 234
11322 2
11325 3
11327 3
11321 3
11333 4
11335 4
11332 4
11331 23
11334 2
11336 24
11337 23
11343 3
11341 4
11345 345
11342 4
11347 4
11346 4
11344 4
11355 34
11354 2
11352 4
11353 3
11356 3
11351 4
11357 5
11362 4
11364 2
11366 4
11363 3
11365 2345
11367 2
11361 234
11373 4
11374 2
11375 4
11371 4
11372 4
11376 4
11377 4
11411 4
11412 3
11416 15
11415 136
11413 2
11414 124
11417 14
11425 6
11426 5
11424 4
11427 4
11421 4
11423 234
11422 4
11434 4
11432 4
11435 4
11436 67
11437 36
11431 34
11433 3
11446 5
11445 3
11442 3
11443 2
11441 34
11447 24
11444 4
11452 3
11455 234
11454 4
11451 25
11457 2345
11453 2
11456 4
11462 3
11464 46
11466 4
11463 2
11465 4
11467 346
11461 34
11473 2
11471 4
11472 3
11475 3
11474 4
11476 3
11477 3
11514 136
11515 15
11516 14
11513 4
11512 14
11511 4
11517 14
11524 6
11526 4
11523 3
11525 5
11521 2456
11527 6
11522 3456
11535 35
11534 4
11531 3
11533 3
11532 3
11537 3
11536 357
11545 5
11543 345
11541 4
11544 4
11542 4
11546 4
11547 4
11553 4
11551 4
11554 6
11552 45
11555 4
11556 4
11557 456
11562 2
11564 4
11565 5
11563 2345
11566 6
11561 256
11567 5
11575 5
11573 4
11574 3
11572 45
11571 4
11576 4
11577 4
11615 14
11614 15
11613 4
11616 1
11611 345
11612 14
11617 14
11624 5
11626 5
11625 4
11623 3
11627 5
11621 5
11622 5
11636 6
11637 4
11634 67
11633 3
11631 3
11635 357
11632 3
11641 4
11645 4
11643 4
11646 13567
11647 4
11642 4
11644 4
11654 4
11653 3
11652 2356
11655 5
11651 2
11656 6
11657 2
11663 4
11665 4
11664 35
11667 4
11661 4
11666 346
11662 3
11676 4
11673 4
11674 3
11675 4
11671 346
11672 3
11677 36
11714 14
11713 4
11716 14
11717 14
11712 134
11715 14
11711 234
11724 4
11726 5
11721 2
11722 2
11727 2
11723 3
11725 6
11736 4
11734 36
11731 45
11733 34
11737 45
11732 3
11735 3
11743 4
11741 45
11747 34
11744 1345
11742 4
11745 4
11746 4
11754 2345
11752 2345
11751 4
11757 3
11753 5
11755 5
11756 2
11762 3
11764 346
11766 6
11761 134
11763 2
11767 7
11765 5
11777 6
11771 2
11774 4
11772 34
11776 45
11773 34
11775 45
12114 4
12113 34
12116 5
12112 2
12115 2456
12117 12467
12111 4
12125 5
12123 23
12127 2
12121 1
12124 15
12126 24
12122 12
12132 23
12134 2
12133 3
12136 5
12131 1
12137 4
12135 5
12141 1
12142 45
12144 45
12145 45
12147 2345
12146 4
12143 14
12151 1
12152 24
12154 2
12153 5
12155 5
12156 35
12157 45
12164 4
12161 1
12163 36
12166 6
12162 6
12165 5
12167 16
12172 2
12174 2
12173 256
12171 1
12177 4
12176 6
12175 5
12211 2
12214 4
12216 5
12213 2
12212 46
12217 2
12215 3456
12224 4
12221 5
12222 5
12223 5
12226 5
12225 6
12227 5
12232 1234567
12234 24
12231 23
12233 3
12237 2
12236 5
12235 2
12241 45
12244 145
12246 4
12242 14567
12245 4
12247 45
12243 4
12252 5
12254 4
12251 24
12255 25
12257 2
12253 2
12256 25
12266 246
12262 6
12263 6
12264 4
12265 256
12261 6
12267 2
12272 4
12271 2
12274 4
12277 2
12273 2
12276 2
12275 2
12316 3
12313 3
12314 234
12312 2
12315 3
12317 3
12311 3
12323 23
12324 2346
12325 35
12326 3
12322 3
12327 234
12321 23
12334 234
12335 2356
12331 3
12332 3
12336 34
12337 3
12333 2
12343 3
12344 4
12345 4
12342 4
12347 234
12341 14
12346 3
12353 3
12354 245
12352 2
12355 5
12351 5
12357 5
12356 5
12364 24
12361 36
12366 3
12363 3
12362 6
12365 35
12367 3
12374 34
12373 3
12371 256
12376 2456
12377 356
12375 3
12372 2
12416 5
12414 4
12415 6
12417 4
12411 4
12412 4
12413 234
12425 6
12423 2346
12426 25
12424 4
12427 245
12422 4
12421 15
12434 4
12432 24
12435 3
12433 34
12436 3
12437 4
12431 2
12446 5
12445 6
12443 2346
12441 4
12442 4
12444 4
12447 4
12456 4
12454 4
12452 4
12453 245
12451 2
12455 5
12457 245
12464 4
12465 4
12461 4
12463 24
12466 4
12462 4
12467 4
12474 4
12476 4
12472 4
12475 45
12473 34
12471 2
12477 2
12514 6
12516 4
12513 3
12515 5
12511 2456
12517 6
12512 3456
12524 6
12526 47
12523 35
12527 45
12521 5
12525 5
12522 26
12534 3
12533 5
12535 35
12537 56
12531 5
12532 2
12536 57
12546 4
12543 4
12542 4
12545 5
12541 45
12544 4
12547 24
12554 6
12553 2356
12556 347
12557 5
12551 2456
12552 56
12555 56
12564 4
12563 35
12565 5
12567 5
12562 256
12566 26
12561 5
12574 45
12575 5
12573 3
12576 235
12572 2
12571 5
12577 25
12616 5
12614 5
12613 3
12615 4
12617 5
12611 5
12612 5
12625 47
12627 4
12624 25
12626 25
12623 3
12622 5
12621 24
12637 4
12636 36
12634 3
12633 3
12631 5
12632 5
12635 57
12646 4
12642 4
12644 345
12641 4
12645 4
12643 3
12647 4
12654 4
12656 2
12657 125
12655 25
12651 35
12652 25
12653 5
12662 5
12664 5
12666 5
12665 4
12667 24
12663 234
12661 4567
12674 4
12676 26
12673 2456
12677 25
12675 235
12672 2
12671 6
12714 4
12716 5
12711 2
12712 2
12713 3
12717 2
12715 6
12726 4
12724 245
12723 234
12725 45
12721 2
12727 24
12722 156
12736 4
12733 345
12734 4
12732 2
12731 4
12737 3
12735 56
12742 45
12741 2345
12743 234
12746 4
12747 24
12744 345
12745 24
12754 245
12752 2
12756 125
12755 5
12757 25
12751 45
12753 5
12763 3
12766 6
12765 5
12764 4
12762 2
12761 16
12767 27
12776 5
12774 245
12772 2
12777 457
12775 6
12773 3
12771 1
13111 34
13114 34
13113 34
13116 36
13117 4
13115 3
13112 3
13122 23
13123 3
13124 2
13126 5
13121 1
13127 4
13125 5
13131 1
13134 34
13133 4
13136 3
13137 34
13132 3
13135 5
13141 1
13144 5
13145 4
13147 5
13146 3
13143 5
13142 4
13151 1
13155 4
13154 4
13157 4
13152 356
13156 5
13153 4
13164 6
13166 3456
13163 3
13161 1
13167 36
13162 35
13165 35
13174 134567
13173 345
13175 5
13172 34
13176 6
13177 3
13171 1
13214 4
13213 3
13215 3
13212 2
13217 3
13211 3
13216 3
13224 4
13222 3
13223 23
13227 2
13221 23
13225 23
13226 23
13234 3
13232 23
13231 3
13237 35
13235 123567
13236 12367
13233 23
13242 2
13245 5
13243 4
13244 4
13246 4
13241 4
13247 4
13254 3
13253 3
13252 2
13255 5
13251 356
13257 3
13256 356
13264 4
13263 3
13262 2
13266 3
13267 367
13265 3
13261 35
13274 4
13275 3
13271 34
13272 2
13276 3
13273 3
13277 3
13313 4
13315 3
13317 34
13311 34
13316 3
13312 3
13314 3
13327 345
13323 34
13324 34
13326 3
13325 5
13321 3
13322 3
13337 45
13331 345
13334 3
13335 35
13333 4
13332 3
13336 36
13343 5
13345 34
13347 5
13344 5
13341 5
13342 4
13346 3
13355 4
13353 4
13357 4
13354 34
13352 3
13356 3
13351 4
13363 46
13362 3
13366 346
13364 36
13361 3
13367 3
13365 3
13373 4
13371 345
13374 4
13377 34
13375 3
13372 3
13376 3
13414 4
13412 4
13416 67
13415 4
13417 36
13411 34
13413 3
13424 4
13422 24
13423 34
13425 3
13426 3
13427 4
13421 2
13434 34
13432 3
13435 34
13437 4
13436 46
13431 34
13433 34
13446 4
13445 3
13441 4
13447 345
13443 4
13442 4
13444 3
13454 4
13452 3
13455 5
13453 34
13457 4
13451 4
13456 3
13462 4
13464 4
13461 6
13466 3
13463 36
13465 4
13467 346
13474 4
13471 134567
13475 34
13476 34
13473 4
13472 4
13477 4
13515 35
13512 3
13513 3
13511 3
13514 4
13517 3
13516 357
13524 3
13523 5
13525 35
13527 56
13521 5
13522 2
13526 57
13534 34
13531 5
13532 123567
13536 5
13537 4
13533 5
13535 5
13544 4
13545 5
13542 5
13546 3
13543 34
13541 4
13547 3
13551 3
13553 3
13557 35
13554 34
13555 3
13552 35
13556 3
13565 5
13564 4
13566 3
13562 3
13561 35
13563 3
13567 3
13575 5
13574 34
13571 5
13572 3
13573 3
13576 356
13577 3
13613 3
13617 4
13616 6
13614 67
13611 3
13615 357
13612 3
13627 4
13623 3
13624 3
13626 36
13621 5
13622 5
13625 57
13634 46
13637 34
13636 6
13631 3
13635 5
13632 12367
13633 3
13646 3
13641 3
13645 3
13647 34
13642 4
13644 4
13643 3
13656 6
13653 3
13651 5
13654 3
13655 3456
13657 5
13652 356
13667 34
13664 34
13663 36
13665 57
13661 6
13662 36
13666 3
13674 34
13676 6
13671 6
13672 3
13675 356
13677 3
13673 3
13716 4
13714 36
13717 45
13713 34
13711 45
13712 3
13715 3
13726 4
13723 345
13724 4
13727 3
13722 2
13721 4
13725 56
13734 4
13736 34
13737 34
13733 4
13731 34
13735 4
13732 35
13743 5
13741 5
13745 3
13744 5
13747 5
13746 34
13742 4
13753 4
13751 4
13755 4
13754 4
13757 4
13756 5
13752 3
13766 6
13762 367
13761 36
13764 346
13767 34
13765 3
13763 3
13774 3456
13777 4
13776 3456
13771 5
13775 3
13773 3
13772 6
14111 45
14112 456
14115 4
14113 34
14117 4
14114 46
14116 4
14122 45
14124 45
14121 1
14127 2345
14125 45
14126 4
14123 14
14131 1
14134 5
14137 5
14135 4
14136 3
14133 5
14132 4
14141 1
14146 5
14143 45
14145 45
14147 345
14142 456
14144 5
14151 1
14152 6
14154 36
14157 3
14155 36
14153 45
14156 4
14161 1
14164 5
14162 5
14163 34
14167 46
14165 46
14166 5
14171 1
14173 34
14175 4
14172 45
14177 5
14174 46
14176 4
14213 4
14212 2
14215 4
14211 45
14217 4
14216 4
14214 14
14221 46
14223 4
14225 4
14222 4
14227 4
14226 4
14224 4
14232 2
14235 5
14237 4
14233 4
14236 4
14234 4
14231 4
14243 23467
14245 245
14242 45
14241 456
14247 4
14246 1234567
14244 2
14252 6
14251 6
14255 6
14254 6
14253 45
14256 4
14257 45
14262 5
14261 5
14265 4
14263 4
14264 5
14267 4
14266 5
14272 45
14275 4
14273 4
14271 45
14274 4
14276 4
14277 45
14311 4
14313 3
14315 345
14317 4
14312 4
14314 4
14316 4
14324 4
14323 3
14322 4
14325 4
14321 14
14327 234
14326 3
14332 34
14335 4
14333 4
14334 4
14331 3
14337 4
14336 34
14343 34
14342 23467
14345 345
14346 346
14341 45
14347 134
14344 3
14354 46
14356 3
14353 3
14357 5
14352 45
14355 5
14351 45
14364 45
14363 6
14362 4
14365 34
14361 34
14366 3
14367 46
14374 4
14373 36
14371 34
14375 4
14372 4
14376 4
14377 4
14415 4
14414 4
14411 46
14413 4
14417 1345
14416 4
14412 14
14422 145
14423 4
14421 45
14424 45
14425 4
14426 345
14427 345
14434 5
14431 5
14435 4
14433 5
14437 5
14432 4
14436 4
14447 345
14441 3456
14445 4
14443 3
14446 4
14442 456
14444 6
14453 46
14454 36
14455 36
14451 36
14452 6
14456 4
14457 3
14463 45
14465 4
14461 5
14464 5
14462 5
14466 5
14467 345
14473 4
14474 5
14475 4
14471 46
14476 4
14472 4
14477 4
14515 5
14513 345
14511 4
14512 4
14514 4
14516 4
14517 4
14523 4
14524 4
14522 4
14521 45
14525 5
14526 4
14527 24
14535 5
14534 4
14531 4
14533 34
14532 5
14536 3
14537 3
14545 4
14546 456
14543 345
14542 245
14541 45
14547 457
14544 5
14553 4
14551 4
14555 4
14557 4
14554 45
14552 4
14556 4
14565 5
14564 4
14562 4
14563 34
14567 456
14561 46
14566 56
14575 5
14574 4
14572 4
14571 4
14576 4
14573 4
14577 4
14611 4
14613 4
14615 4
14616 13567
14617 4
14612 4
14614 4
14622 4
14625 4
14626 4
14624 345
14621 4
14627 4
14623 3
14636 3
14637 34
14635 3
14631 3
14632 4
14634 4
14633 3
14645 456
14641 5
14646 4
14643 346
14644 46
14642 1234567
14647 4
14656 6
14653 3
14652 4
14654 4
14657 4
14655 5
14651 4
14663 4
14661 4
14665 4
14666 4
14664 4
14667 4
14662 4
14674 4
14675 4
14673 4
14671 4
14676 123567
14677 4
14672 4
14711 45
14713 4
14717 34
14712 4
14715 4
14714 1345
14716 4
14726 4
14721 2345
14722 45
14723 234
14724 345
14727 24
14725 24
14731 5
14735 3
14733 5
14737 5
14734 5
14736 34
14732 4
14747 345
14741 345
14743 134
14746 4
14745 457
14742 4
14744 13457
14751 3
14753 5
14757 3
14755 3
14752 45
14754 3
14756 4
14762 4
14761 46
14766 34
14765 456
14764 345
14767 3456
14763 46
14771 45
14777 34
14775 4
14773 4
14776 4
14774 3457
14772 4
15112 4
15111 4
15114 25
15115 345
15117 345
15113 3
15116 2
15122 24
15121 1
15124 2
15126 35
15125 5
15123 5
15127 45
15131 1
15135 4
15134 4
15137 4
15133 4
15136 5
15132 356
15141 1
15142 6
15144 36
15145 36
15147 3
15143 45
15146 4
15151 1
15152 45
15155 4
15153 4
15157 45
15154 4
15156 35
15162 4
15166 4
15164 4
15161 1
15165 4
15163 45
15167 5
15174 235
15171 1
15172 4
15177 4
15175 245
15173 4
15176 56
15212 4
15215 4
15214 3
15211 4
15217 2345
15213 4
15216 2356
15223 4
15224 3
15222 4
15227 45
15221 4
15225 4
15226 2
15234 3
15231 356
15233 3
15232 2
15235 5
15237 3
15236 356
15242 6
15241 6
15245 6
15244 6
15247 45
15243 45
15246 4
15252 4
15253 4
15254 3
15251 45
15255 4
15257 45
15256 345
15262 4
15263 4
15266 4
15265 4
15264 3
15261 4
15267 4
15273 4
15272 4
15274 3
15275 4
15271 4
15276 4
15277 4
15315 34
15314 2
15312 4
15313 3
15316 3
15311 4
15317 5
15324 245
15323 3
15322 2
15321 5
15325 5
15327 5
15326 5
15332 4
15334 2
15333 5
15335 5
15336 5
15331 34
15337 35
15344 46
15345 5
15346 3
15343 3
15342 45
15347 5
15341 45
15352 4
15354 2
15351 4
15353 3
15355 235
15356 235
15357 4
15362 4
15364 2
15363 245
15365 4
15366 3
15361 45
15367 23
15372 4
15374 2
15373 24
15375 4
15371 4
15377 23
15376 2
15412 3
15415 234
15414 4
15411 25
15417 2345
15413 2
15416 4
15424 4
15422 4
15426 4
15423 245
15425 5
15421 2
15427 245
15434 4
15431 4
15435 5
15432 3
15433 34
15437 4
15436 3
15444 4
15442 3
15443 2
15446 45
15441 4
15445 45
15447 345
15452 3
15453 2
15454 45
15457 4
15451 4
15456 4
15455 345
15463 2
15465 4
15464 4
15462 3
15466 45
15461 4
15467 4
15472 3
15474 4
15473 2
15476 4
15475 2
15471 235
15477 235
15512 4
15515 24
15514 234
15513 34
15511 4
15516 5
15517 5
15525 24
15522 25
15524 5
15526 25
15521 5
15527 5
15523 5
15533 4
15534 5
15537 4
15535 4
15531 4
15536 3456
15532 5
15545 36
15542 6
15544 36
15547 3
15543 5
15541 36
15546 5
15552 4
15554 24
15557 34
15556 5
15555 4
15551 4
15553 45
15565 4
15564 4
15562 4
15566 4
15563 4
15567 345
15561 4
15572 4
15573 4
15575 24
15574 2
15577 5
15571 245
15576 5
15614 4
15613 3
15612 2356
15615 5
15611 2
15616 6
15617 2
15624 4
15626 2
15625 25
15627 125
15622 25
15621 35
15623 5
15636 6
15634 3
15635 3456
15633 3
15631 5
15637 5
15632 356
15646 6
15643 3
15642 4
15647 4
15644 4
15645 5
15641 4
15654 4
15656 5
15652 345
15655 5
15653 235
15651 35
15657 35
15664 45
15663 3
15666 5
15662 3
15661 56
15665 56
15667 6
15674 4
15675 5
15672 4
15676 6
15677 2
15671 56
15673 2
15714 2345
15711 4
15712 2345
15717 3
15715 5
15713 5
15716 2
15722 2
15724 245
15727 25
15726 125
15725 5
15723 5
15721 45
15731 4
15737 4
15735 4
15733 4
15734 4
15736 5
15732 3
15745 3
15747 3
15744 3
15743 5
15741 3
15742 45
15746 4
15751 45
15752 45
15754 4
15755 4
15757 45
15753 4
15756 35
15762 4
15765 345
15766 6
15764 4
15767 4
15761 5
15763 23
15772 4
15775 45
15777 34
15774 25
15771 34
15773 5
15776 5
16112 4
16114 4
16116 4
16113 4
16115 12456
16117 6
16111 46
16124 4
16121 1
16123 36
16126 6
16122 6
16125 5
16127 16
16134 6
16136 3456
16137 36
16133 3
16131 1
16132 35
16135 35
16141 1
16142 5
16144 5
16143 34
16145 46
16147 46
16146 5
16156 4
16152 4
16151 1
16154 4
16155 4
16153 45
16157 5
16161 1
16164 346
16162 46
16163 234
16165 6
16166 246
16167 46
16174 34
16173 4
16176 4
16171 1
16172 4
16177 4
16175 456
16212 4
16214 3
16213 4
16216 4
16215 2
16211 4
16217 3
16223 4
16224 3
16222 4
16226 4
16221 4
16227 46
16225 45
16234 4
16233 3
16232 2
16236 3
16237 367
16231 35
16235 3
16242 5
16241 5
16245 4
16243 4
16244 5
16246 5
16247 4
16252 4
16253 4
16256 4
16255 4
16254 3
16251 4
16257 4
16262 46
16263 4
16264 3
16261 46
16266 34
16265 5
16267 4
16273 4
16272 34
16274 3
16276 4
16275 23456
16271 4
16277 4
16312 4
16314 2
16316 4
16313 3
16315 2345
16317 2
16311 234
16324 24
16326 3
16323 3
16321 36
16322 6
16325 35
16327 3
16332 4
16334 2
16331 34
16335 3
16336 23
16337 3
16333 4
16344 45
16343 6
16341 34
16342 4
16346 3
16345 34
16347 46
16352 4
16354 2
16353 245
16355 4
16356 3
16351 45
16357 23
16362 4
16364 2
16363 4
16365 35
16366 2
16361 234
16367 34
16372 4
16373 4
16374 2
16371 4
16376 4
16377 3
16375 3
16412 3
16414 46
16416 4
16413 2
16415 4
16417 346
16411 34
16424 4
16425 4
16423 24
16421 4
16426 4
16422 4
16427 4
16431 6
16432 4
16434 4
16436 3
16433 36
16435 4
16437 346
16442 3
16441 46
16443 2
16445 4
16446 4
16444 4
16447 4
16453 2
16455 4
16452 3
16454 4
16456 45
16451 4
16457 4
16463 2
16466 4
16462 3
16461 346
16465 4
16464 4
16467 346
16473 2
16472 3
16474 4
16471 34
16476 34
16475 46
16477 346
16512 2
16514 4
16515 5
16513 2345
16516 6
16511 256
16517 5
16524 4
16525 5
16523 35
16527 5
16522 256
16526 26
16521 5
16534 4
16535 5
16536 3
16532 3
16531 35
16537 3
16533 3
16545 5
16544 4
16542 4
16547 456
16541 46
16543 34
16546 56
16554 45
16552 5
16553 2356
16551 256
16557 5
16556 5
16555 56
16564 4
16563 35
16565 56
16562 5
16561 6
16567 456
16566 5
16572 23456
16575 5
16574 46
16573 3
16576 6
16571 456
16577 5
16612 4
16614 4
16616 6
16613 4
16611 4
16617 6
16615 6
16626 2
16624 4
16622 246
16623 3
16621 6
16627 6
16625 26
16631 3456
16636 3
16632 3
16633 346
16634 3
16635 3
16637 6
16647 34
16643 3
16644 5
16642 5
16646 5
16641 5
16645 56
16652 4
16655 4
16656 4
16651 4
16654 45
16657 6
16653 3
16662 4
16664 4
16663 2
16666 4
16661 4
16667 3
16665 23456
16676 4
16674 34
16671 4
16672 4
16673 4
16675 6
16677 6
16712 3
16714 346
16716 6
16711 134
16713 2
16717 7
16715 5
16726 6
16722 2
16724 4
16725 5
16723 3
16721 16
16727 27
16734 346
16736 6
16737 34
16732 367
16731 36
16733 3
16735 3
16746 34
16747 3456
16745 456
16741 46
16742 4
16744 345
16743 46
16752 4
16755 345
16754 4
16756 6
16757 4
16751 5
16753 23
16762 4
16764 346
16767 6
16765 456
16763 34
16761 46
16766 237
16772 3
16774 4
16776 6
16777 6
16773 2
16771 6
16775 5
17114 34
17112 24
17113 4
17117 4
17111 4
17115 124
17116 2456
17122 2
17123 256
17124 2
17127 4
17121 1
17126 6
17125 5
17134 134567
17133 345
17135 5
17132 34
17136 6
17137 3
17131 1
17141 1
17143 34
17144 46
17145 4
17142 45
17147 5
17146 4
17151 1
17152 4
17154 235
17155 245
17157 4
17153 4
17156 56
17164 34
17163 4
17166 4
17161 1
17162 4
17167 4
17165 456
17173 47
17174 347
17172 4
17177 4
17175 5
17171 1
17176 34567
17212 234
17214 3
17213 4
17215 45
17211 4
17216 3
17217 234
17224 3
17223 4
17222 2
17221 14
17225 4
17226 34
17227 4
17234 4
17235 3
17231 34
17232 2
17236 3
17233 3
17237 3
17242 45
17243 4
17241 45
17245 4
17244 4
17247 45
17246 4
17253 4
17252 4
17254 3
17255 4
17251 4
17256 4
17257 4
17263 4
17262 34
17264 3
17266 4
17265 23456
17261 4
17267 4
17273 4
17272 237
17274 3
17271 4
17275 5
17276 3
17277 4
17313 4
17314 2
17315 4
17311 4
17312 4
17316 4
17317 4
17323 3
17324 34
17321 256
17326 2456
17327 356
17322 2
17325 3
17332 4
17333 4
17331 4
17336 4
17337 6
17334 2
17335 4
17343 36
17344 4
17341 34
17345 4
17342 4
17346 4
17347 4
17352 4
17354 2
17353 24
17355 4
17357 23
17351 4
17356 2
17362 4
17363 4
17364 2
17361 4
17366 4
17367 3
17365 3
17373 47
17374 2
17375 47
17372 4
17376 47
17371 47
17377 4
17413 2
17411 4
17412 3
17415 3
17414 4
17416 3
17417 3
17424 4
17422 4
17426 4
17423 34
17425 45
17421 2
17427 2
17434 4
17431 134567
17435 34
17436 34
17432 4
17433 4
17437 4
17441 4
17446 235
17443 2
17445 3
17442 3
17444 4
17447 3
17453 2
17452 3
17454 4
17456 4
17455 2
17451 235
17457 235
17462 3
17463 2
17464 4
17461 34
17466 34
17465 46
17467 346
17473 2
17472 3
17475 36
17471 347
17476 3
17474 4
17477 4
17513 4
17515 5
17514 3
17512 45
17511 4
17516 4
17517 4
17524 45
17525 5
17523 3
17526 235
17522 2
17521 5
17527 25
17535 5
17534 34
17531 5
17532 3
17533 3
17536 356
17537 3
17545 5
17544 4
17541 4
17543 4
17546 4
17542 4
17547 4
17554 3
17555 4
17553 4
17552 5
17556 356
17551 24567
17557 5
17564 46
17562 23456
17565 5
17563 3
17561 456
17566 6
17567 5
17573 47
17575 5
17574 36
17572 5
17571 5
17576 134567
17577 5
17613 4
17614 3
17616 4
17611 346
17615 4
17612 3
17617 36
17624 4
17623 2456
17626 26
17627 25
17621 6
17625 235
17622 2
17634 34
17636 6
17631 6
17635 356
17632 3
17637 3
17633 3
17645 4
17646 123567
17644 4
17641 4
17647 4
17643 4
17642 4
17654 4
17655 5
17652 4
17656 6
17657 2
17651 56
17653 2
17664 3
17663 24
17665 35
17662 3
17661 235
17667 346
17666 6
17674 3
17673 47
17676 7
17677 36
17675 134567
17671 34567
17672 3
17711 4
17717 4
17713 4
17714 3
17716 36
17712 234
17715 4
17722 2
17721 4
17727 2
17726 25
17723 356
17724 2
17725 25
17733 34
17737 3
17734 4
17731 3
17736 3
17735 3
17732 3
17747 45
17746 4
17741 5
17743 4
17745 4
17742 45
17744 4
17754 235
17755 5
17751 4
17757 4
17753 23
17752 4
17756 2
17763 3
17764 346
17761 4
17762 4
17767 4
17766 6
17765 5
17771 4
17774 34
17773 4
17777 4
17775 5
17776 2346
17772 2
