71117 4
71114 45
71113 3
71115 4
71111 4
71116 6
71112 2456
71124 245
71125 5
71126 4
71122 2
71127 4
71121 4
71123 3
71133 3
71134 356
71131 4
71137 4
71135 56
71136 4
71132 6
71141 34
71147 3
71143 4
71146 34
71144 4
71145 4
71142 4
71151 5
71154 4
71155 45
71157 5
71153 5
71156 5
71152 5
71166 6
71162 36
71167 4
71161 6
71164 6
71165 235
71163 36
71177 4
71171 4
71175 4
71174 5
71173 4
71172 25
71176 456
71215 14
71214 5
71212 1
71213 123457
71217 12345
71211 25
71216 5
71224 5
71225 46
71223 35
71222 2
71226 5
71227 356
71221 245
71234 4
71233 3
71236 4
71231 6
71232 2
71237 23
71235 6
71242 123567
71245 4
71244 4
71243 4
71241 4
71247 4
71246 4
71254 45
71252 2
71257 2
71253 235
71255 5
71251 5
71256 5
71264 4
71265 2346
71263 356
71267 2
71262 26
71266 6
71261 36
71272 4
71275 4
71274 5
71277 245
71273 4
71276 5
71271 25
71314 25
71313 3
71315 14
71316 3
71317 3
71312 123457
71311 3
71326 23456
71324 24
71323 3
71327 234
71325 5
71322 2
71321 3
71335 4
71333 4
71334 5
71336 3
71332 235
71337 12346
71331 3
71343 3
71344 4
71347 4
71342 4
71345 4
71346 4
71341 4
71354 45
71353 3
71355 5
71356 5
71357 3
71352 235
71351 5
71364 34
71363 3
71367 3
71362 356
71365 5
71366 6
71361 36
71374 5
71375 4
71373 3
71376 34
71377 4
71372 4
71371 4
71415 6
71416 5
71413 25
71412 5
71414 4
71417 145
71411 4
71426 5
71425 6
71424 4
71427 45
71422 45
71423 24
71421 245
71434 4
71435 6
71436 5
71432 4
71437 356
71433 6
71431 356
71447 4
71442 356
71443 5
71446 5
71445 6
71444 4
71441 5
71454 4
71453 45
71456 4
71455 4
71452 45
71457 123457
71451 4
71464 4
71462 4
71463 34
71466 4
71465 45
71467 6
71461 6
71475 6
71473 5
71476 5
71477 4
71474 4
71472 5
71471 5
71515 14
71514 6
71516 4
71513 14
71512 14
71517 14
71511 4
71526 4
71525 4
71524 6
71527 4
71522 4
71521 5
71523 5
71536 4
71535 46
71534 6
71533 4
71537 4
71531 56
71532 6
71544 4
71545 25
71547 45
71546 4
71543 4
71542 4
71541 4
71556 4
71555 4
71551 2
71552 4
71554 6
71557 4
71553 4
71564 45
71565 5
71562 2346
71567 236
71566 6
71563 5
71561 235
71575 4
71574 6
71573 4
71577 4
71576 4
71572 4
71571 4
71615 4
71616 156
71614 5
71617 4
71613 3
71612 5
71611 4
71625 4
71626 45
71624 5
71623 23456
71622 4
71627 4
71621 4
71635 4
71636 4
71634 5
71633 4
71637 4
71632 4
71631 4
71646 34
71643 4
71645 4
71647 34
71644 4
71641 34
71642 4
71654 4
71653 5
71657 45
71656 6
71655 5
71652 5
71651 5
71665 4
71664 5
71666 6
71663 4
71667 47
71661 4
71662 45
71676 456
71674 5
71675 4
71673 34
71677 4
71672 5
71671 456
71715 14
71716 4
71714 145
71713 3
71711 4
71712 12345
71717 7
71724 45
71722 4
71725 4
71727 7
71726 4
71723 234
71721 4
71734 356
71736 4
71733 346
71737 7
71731 4
71735 4
71732 23
71747 7
71745 45
71744 24
71743 4
71741 3
71746 34
71742 4
71755 345
71754 123457
71753 3
71752 2
71756 45
71751 5
71757 7
71766 6
71763 3
71767 7
71765 236
71764 6
71761 4
71762 2
71774 45
71775 4
71773 467
71771 4
71776 46
71777 4
71772 2346
72116 5
72114 4
72111 2
72112 2
72113 3
72117 2
72115 6
72124 245
72126 4
72123 234
72121 2
72125 45
72127 24
72122 156
72136 4
72133 345
72134 4
72132 2
72137 3
72131 4
72135 56
72141 2345
72142 45
72144 345
72146 4
72143 234
72147 24
72145 24
72152 2
72157 25
72154 245
72156 125
72155 5
72151 45
72153 5
72165 5
72164 4
72166 6
72163 3
72162 2
72161 16
72167 27
72176 5
72174 245
72177 457
72172 2
72175 6
72171 1
72173 3
72212 4
72214 45
72217 4
72216 4
72215 4
72211 2
72213 2
72226 4
72224 4
72225 6
72227 4
72222 4
72223 23456
72221 5
72236 4
72234 34
72232 4
72233 4
72237 4
72235 5
72231 2
72244 3
72241 45
72246 3
72242 3
72245 5
72243 23
72247 3
72254 5
72252 5
72251 2
72255 245
72257 2345
72256 5
72253 5
72262 6
72264 4
72266 246
72265 5
72267 2
72263 26
72261 2
72276 4
72274 4
72272 2
72275 4
72277 4
72271 2
72273 2
72314 24
72316 23456
72313 3
72315 5
72317 234
72312 2
72311 3
72325 35
72324 4
72326 3
72323 23
72327 2
72321 234
72322 3
72334 34
72335 2356
72337 236
72336 3
72331 3
72332 3
72333 23
72344 4
72346 4
72343 3
72341 234
72347 24
72342 23
72345 45
72354 4
72353 3
72352 5
72356 5
72355 5
72351 5
72357 35
72364 4
72365 35
72363 3
72361 3
72362 26
72366 236
72367 3
72374 4
72376 6
72373 3
72375 3456
72377 236
72372 2
72371 3
72415 6
72416 5
72414 4
72417 45
72412 45
72413 24
72411 245
72423 4
72425 6
72422 4
72426 5
72427 245
72424 4
72421 245
72433 4
72436 5
72434 4
72432 34
72435 6
72437 4
72431 4
72446 5
72443 4
72445 6
72447 24
72442 4
72444 4
72441 4
72456 4
72452 5
72454 4
72457 2
72455 25
72453 4
72451 245
72464 4
72463 4
72467 4
72465 46
72462 4
72466 4
72461 4
72476 5
72474 24
72472 4
72473 4
72475 6
72477 45
72471 245
72516 4
72515 4
72514 6
72517 4
72512 4
72511 5
72513 5
72526 4
72524 6
72523 35
72525 4
72527 456
72522 6
72521 45
72536 4
72535 346
72534 6
72533 4
72532 5
72537 34
72531 56
72544 34
72546 4
72545 2
72542 5
72547 45
72543 45
72541 24
72556 4
72554 6
72553 5
72557 45
72555 4
72552 56
72551 5
72564 46
72562 5
72565 5
72563 35
72566 2
72567 25
72561 5
72576 4
72572 4
72574 6
72575 5
72573 3456
72571 6
72577 456
72615 4
72616 45
72614 5
72613 23456
72612 4
72617 4
72611 4
72626 24
72625 4
72624 5
72622 45
72627 24
72621 4
72623 3
72636 4
72635 4
72632 4
72633 4
72637 4
72634 5
72631 4
72646 3
72647 3
72643 4
72645 4
72644 3
72642 3
72641 4
72654 4
72656 6
72655 5
72652 5
72651 125
72653 5
72657 35
72665 4
72664 5
72662 4
72666 4
72661 24
72667 4
72663 34
72676 4
72674 5
72675 4
72673 6
72672 4
72677 4
72671 5
72714 45
72712 4
72717 7
72715 4
72716 4
72713 234
72711 4
72727 7
72724 245
72726 24
72725 456
72722 246
72723 2
72721 24
72736 4
72737 7
72734 4
72732 4
72733 4
72731 3
72735 34
72747 7
72746 3
72744 3
72743 24
72745 45
72741 24
72742 3
72754 2
72752 2345
72755 5
72751 25
72757 7
72756 35
72753 35
72764 4
72767 7
72762 2
72765 25
72766 2
72763 3
72761 27
72774 4
72776 4
72772 4
72775 4
72773 23467
72777 24
72771 2
73116 4
73114 36
73111 45
73113 34
73117 45
73115 3
73112 3
73126 4
73124 4
73123 345
73122 2
73127 3
73121 4
73125 56
73136 34
73137 34
73134 4
73131 34
73133 4
73135 4
73132 35
73141 5
73143 5
73144 5
73146 34
73147 5
73145 3
73142 4
73155 4
73153 4
73154 4
73151 4
73157 4
73156 5
73152 3
73164 346
73166 6
73162 367
73161 36
73167 34
73163 3
73165 3
73174 3456
73176 3456
73177 4
73171 5
73175 3
73173 3
73172 6
73214 4
73213 3
73216 4
73211 6
73212 2
73215 6
73217 23
73224 34
73225 5
73226 5
73222 3
73223 23
73221 2
73227 23
73234 4
73232 3
73237 35
73235 356
73236 345
73233 3
73231 35
73245 5
73244 4
73242 2
73243 3
73246 4
73247 4
73241 4
73252 2
73257 3
73254 5
73255 5
73253 2345
73251 3
73256 235
73264 4
73262 6
73267 35
73261 367
73266 36
73263 36
73265 3
73274 4
73275 5
73276 2356
73277 6
73273 3
73272 2
73271 6
73313 46
73315 4
73314 6
73316 4
73317 346
73311 3
73312 3
73323 4
73324 4
73326 4
73322 4
73327 4
73325 4
73321 345
73336 4
73334 46
73331 45
73332 3
73335 34
73333 4
73337 4
73343 25
73344 25
73346 2
73345 3
73347 25
73341 5
73342 3
73355 4
73354 3
73351 4
73353 4
73352 2345
73357 4
73356 3
73366 36
73363 46
73364 3
73362 36
73365 3
73367 3
73361 3
73376 4
73373 46
73374 456
73375 45
73377 4
73372 3
73371 3
73414 4
73415 6
73416 5
73412 4
73413 6
73417 356
73411 356
73423 4
73424 4
73426 5
73422 34
73427 4
73425 6
73421 4
73435 6
73434 34
73436 5
73433 345
73431 4
73432 4
73437 4
73446 5
73444 4
73445 6
73447 4
73442 34
73443 34
73441 345
73454 4
73453 3
73457 4
73451 4
73455 45
73452 5
73456 5
73464 4
73466 4
73462 4
73465 346
73463 3
73467 6
73461 346
73476 5
73474 4
73477 36
73471 3456
73473 456
73472 4
73475 6
73516 4
73515 46
73514 6
73513 4
73517 4
73511 56
73512 6
73526 4
73525 346
73524 6
73523 4
73522 5
73527 34
73521 56
73534 6
73536 4
73537 4
73533 356
73535 5
73532 356
73531 4
73544 24
73542 5
73543 3
73546 34
73545 5
73547 34
73541 3
73556 4
73555 3
73554 6
73553 3
73552 3
73551 35
73557 45
73564 346
73565 5
73566 6
73567 3
73563 3
73562 3
73561 3
73575 5
73573 45
73576 4
73574 6
73572 5
73577 4
73571 3
73615 4
73616 4
73614 5
73613 4
73617 4
73612 4
73611 4
73626 4
73625 4
73623 4
73622 4
73627 4
73624 5
73621 4
73635 4
73636 4
73634 5
73637 34
73631 34
73633 4
73632 345
73646 2
73647 2
73643 2
73645 34
73644 2
73642 4
73641 34
73657 235
73655 5
73653 3
73656 6
73654 5
73651 5
73652 235
73665 4
73666 4
73667 4
73664 5
73663 4
73661 34
73662 6
73676 4
73674 5
73673 4
73677 4
73675 4
73671 3456
73672 2356
73714 356
73716 4
73713 346
73717 7
73711 4
73715 4
73712 23
73726 4
73727 7
73723 4
73722 4
73724 4
73721 3
73725 34
73737 7
73736 34
73733 4
73731 34
73735 4
73732 35
73734 4
73747 7
73746 2
73743 25
73744 25
73741 5
73745 34
73742 4
73757 7
73754 4
73753 4
73752 3
73751 4
73756 235
73755 4
73766 46
73767 7
73762 35
73764 6
73765 3
73761 34
73763 3
73776 4
73777 4
73773 345
73774 36
73771 345
73775 5
73772 6
74111 45
74113 4
74117 34
74116 4
74114 1345
74115 4
74112 4
74122 45
74124 345
74127 24
74121 2345
74126 4
74123 234
74125 24
74131 5
74135 3
74134 5
74133 5
74137 5
74136 34
74132 4
74141 345
74147 345
74143 134
74145 457
74146 4
74142 4
74144 13457
74157 3
74151 3
74155 3
74152 45
74154 3
74153 5
74156 4
74166 34
74162 4
74161 46
74165 456
74164 345
74167 3456
74163 46
74171 45
74177 34
74174 3457
74175 4
74173 4
74176 4
74172 4
74212 123567
74213 4
74214 4
74215 4
74217 4
74211 4
74216 4
74225 4
74222 4
74223 4
74227 4
74224 4
74221 4
74226 4
74232 2
74234 4
74235 5
74233 3
74236 4
74237 4
74231 4
74245 245
74243 234
74247 3
74242 4
74246 1234567
74244 24
74241 4
74253 5
74252 5
74251 45
74257 5
74254 4
74256 4
74255 5
74264 345
74266 4
74262 4
74263 4
74267 4
74261 4
74265 5
74275 4
74277 4
74272 12357
74273 4
74271 4
74274 4
74276 4
74313 3
74315 4
74314 4
74317 4
74311 4
74316 4
74312 4
74323 3
74326 4
74324 4
74327 24
74322 23
74325 45
74321 234
74333 4
74335 4
74337 4
74331 4
74336 4
74332 4
74334 34
74345 345
74343 4
74342 234
74346 346
74347 34
74341 134
74344 3
74353 3
74354 4
74352 5
74356 3
74351 5
74355 45
74357 4
74365 4
74364 4
74362 4
74367 34
74363 3
74366 4
74361 46
74375 345
74377 4
74373 3
74376 4
74372 4
74371 4
74374 4
74415 4
74414 3
74413 4
74412 4
74417 24
74411 4
74416 4
74427 3
74425 34
74423 4
74426 3
74422 3
74424 3
74421 345
74433 25
74435 24
74434 25
74436 2
74437 25
74432 4
74431 5
74447 2345
74445 5
74441 345
74443 4
74442 4
74446 234
74444 2
74454 3
74453 4
74457 3
74456 4
74455 3
74451 3
74452 4
74465 4
74466 347
74467 34
74464 34
74463 4
74462 345
74461 345
74475 4
74477 24
74474 4
74471 3457
74472 4
74473 4
74476 47
74514 4
74515 25
74517 45
74516 4
74513 4
74512 4
74511 4
74524 34
74526 4
74525 2
74523 45
74522 5
74527 45
74521 24
74534 24
74533 3
74536 34
74535 5
74532 5
74537 34
74531 3
74546 12456
74545 45
74547 34
74543 345
74542 245
74541 457
74544 5
74554 4
74553 4
74555 4
74551 4
74556 45
74557 5
74552 45
74564 4
74565 5
74563 4
74567 47
74566 4
74561 456
74562 5
74575 5
74577 4
74573 345
74574 4
74576 4
74571 4
74572 4
74616 34
74613 4
74615 4
74617 34
74614 4
74611 34
74612 4
74626 3
74627 3
74624 3
74625 4
74623 4
74622 3
74621 4
74637 2
74636 2
74633 2
74635 34
74634 2
74631 34
74632 4
74645 12456
74643 346
74646 34
74642 1234567
74641 4
74647 234
74644 6
74656 6
74654 4
74653 3
74652 4
74657 4
74655 4
74651 4
74665 4
74663 4
74667 24
74666 4
74662 4
74661 4
74664 4
74677 34
74676 6
74675 4
74673 4
74671 4
74672 4
74674 47
74715 45
74717 7
74713 4
74711 3
74714 24
74716 34
74712 4
74727 7
74724 3
74726 3
74723 24
74721 24
74725 45
74722 3
74737 7
74736 2
74734 25
74733 25
74731 5
74735 34
74732 4
74747 7
74745 34
74742 3
74741 345
74743 34
74746 234
74744 3
74757 7
74754 3
74751 3
74753 4
74755 3
74756 4
74752 5
74766 34
74764 34
74767 7
74762 4
74765 47
74761 3456
74763 34
74774 24
74777 34
74775 45
74773 4
74776 234
74771 4
74772 4
75114 2345
75112 2345
75111 4
75117 3
75113 5
75115 5
75116 2
75122 2
75124 245
75126 125
75127 25
75121 45
75125 5
75123 5
75131 4
75135 4
75133 4
75134 4
75137 4
75136 5
75132 3
75147 3
75143 5
75145 3
75141 3
75144 3
75146 4
75142 45
75154 4
75151 45
75152 45
75155 4
75157 45
75156 35
75153 4
75162 4
75165 345
75164 4
75166 6
75167 4
75161 5
75163 23
75172 4
75174 25
75175 45
75177 34
75171 34
75176 5
75173 5
75214 45
75212 2
75217 2
75215 5
75213 235
75211 5
75216 5
75221 45
75224 45
75225 25
75223 13
75227 2
75226 25
75222 5
75237 3
75234 5
75232 2
75235 5
75233 2345
75231 3
75236 235
75243 5
75242 5
75241 45
75244 4
75247 5
75246 4
75245 5
75252 2
75251 45
75254 24
75257 5
75253 3
75256 12567
75255 5
75261 4
75262 25
75264 5
75267 3
75265 5
75266 3
75263 13
75271 4
75275 5
75274 12
75272 2
75277 5
75273 135
75276 5
75314 45
75313 3
75317 3
75315 5
75316 5
75312 235
75311 5
75323 3
75324 4
75322 5
75326 5
75325 5
75321 5
75327 35
75334 45
75331 35
75335 5
75333 5
75337 5
75332 5
75336 35
75343 3
75344 4
75342 5
75341 5
75345 45
75346 3
75347 4
75354 45
75357 3
75352 3
75351 4
75353 3
75355 3
75356 123567
75364 5
75365 3
75363 35
75361 23
75366 6
75367 3
75362 13
75373 35
75374 4
75377 5
75375 5
75376 5
75371 5
75372 135
75414 4
75416 4
75413 45
75415 4
75412 45
75417 123457
75411 4
75426 4
75424 4
75422 5
75427 2
75423 4
75425 25
75421 245
75434 4
75433 3
75437 4
75431 4
75436 5
75432 5
75435 45
75442 4
75443 5
75447 4
75441 345
75446 4
75445 4
75444 5
75453 45
75456 5
75451 4
75454 45
75455 45
75457 45
75452 24
75464 4
75463 5
75462 5
75466 46
75465 45
75461 4
75467 6
75474 4
75473 4
75476 4
75471 25
75477 45
75472 12
75475 5
75515 4
75514 4
75517 345
75513 5
75511 45
75516 5
75512 5
75525 24
75524 25
75527 5
75522 245
75526 5
75521 5
75523 5
75533 4
75535 4
75534 45
75531 4
75536 5
75532 5
75537 4
75545 3
75541 3
75547 3
75544 3
75543 45
75546 4
75542 5
75551 34
75557 345
75554 5
75553 35
75555 4
75556 5
75552 25
75561 345
75564 45
75565 45
75562 5
75563 3
75566 5
75567 5
75575 4
75572 5
75573 5
75576 5
75577 45
75571 45
75574 5
75614 4
75613 5
75617 45
75615 5
75616 6
75611 5
75612 5
75624 4
75626 6
75625 5
75622 5
75621 125
75627 35
75623 5
75637 235
75634 5
75636 6
75635 5
75633 3
75631 5
75632 235
75646 6
75644 4
75643 3
75645 4
75647 4
75642 4
75641 4
75654 5
75656 56
75657 5
75651 35
75652 12567
75653 123567
75655 56
75664 4
75666 5
75661 6
75665 56
75663 56
75667 56
75662 56
75674 4
75675 5
75673 5
75671 5
75676 6
75677 5
75672 5
75714 123457
75715 345
75713 3
75712 2
75716 45
75711 5
75717 7
75724 2
75722 2345
75725 5
75727 7
75721 25
75726 35
75723 35
75737 7
75734 4
75731 4
75732 3
75733 4
75735 4
75736 235
75747 7
75744 3
75741 3
75743 4
75745 3
75742 5
75746 4
75757 7
75752 5
75754 45
75755 4
75751 45
75753 3
75756 5
75766 56
75762 3
75764 6
75761 4
75765 5
75767 7
75763 3
75774 45
75777 45
75775 45
75771 4
75772 25
75773 5
75776 5
76112 3
76116 6
76114 346
76113 2
76111 134
76117 7
76115 5
76126 6
76124 4
76122 2
76125 5
76123 3
76121 16
76127 27
76136 6
76134 346
76137 34
76131 36
76132 367
76133 3
76135 3
76146 34
76141 46
76142 4
76145 456
76144 345
76147 3456
76143 46
76152 4
76155 345
76156 6
76154 4
76157 4
76151 5
76153 23
76164 346
76162 4
76167 6
76165 456
76163 34
76161 46
76166 237
76174 4
76172 3
76177 6
76176 6
76173 2
76171 6
76175 5
76214 4
76215 2346
76216 6
76213 356
76212 26
76211 36
76217 2
76226 3
76224 3
76223 4
76227 1234
76222 3
76221 46
76225 456
76234 4
76232 6
76231 367
76237 35
76236 36
76233 36
76235 3
76244 345
76246 4
76242 4
76243 4
76247 4
76241 4
76245 5
76251 4
76254 5
76257 3
76252 25
76255 5
76256 3
76253 13
76264 36
76263 14
76262 36
76261 4
76265 5
76266 3
76267 46
76274 3
76272 3
76273 4
76275 5
76271 3
76277 3
76276 3
76314 34
76313 3
76312 356
76315 5
76317 3
76316 6
76311 36
76324 4
76325 35
76323 3
76322 26
76321 3
76326 236
76327 3
76334 2
76335 2356
76332 145
76331 3
76337 2346
76336 23
76333 23
76344 4
76345 4
76342 4
76346 4
76347 34
76343 3
76341 46
76354 5
76355 3
76353 35
76351 23
76356 6
76352 13
76357 3
76364 2
76362 14
76365 35
76361 34
76367 3
76366 26
76363 3
76374 2
76372 4
76375 5
76377 2346
76373 3
76371 2
76376 2345
76412 4
76414 4
76416 4
76413 34
76415 45
76417 6
76411 6
76424 4
76423 4
76425 46
76427 4
76422 4
76426 4
76421 4
76432 4
76436 4
76434 4
76435 346
76433 3
76437 6
76431 346
76442 3
76443 2
76445 2456
76446 4
76447 4
76441 4
76444 4
76454 4
76456 46
76452 5
76455 45
76453 5
76451 4
76457 6
76463 2
76462 36
76465 2456
76466 4
76461 346
76464 4
76467 37
76473 2
76472 3
76474 4
76477 4
76471 4
76475 456
76476 4
76515 5
76514 45
76517 236
76512 2346
76516 6
76513 5
76511 235
76524 46
76525 5
76522 5
76526 2
76527 25
76523 35
76521 5
76535 5
76534 346
76536 6
76537 3
76533 3
76532 3
76531 3
76545 5
76544 4
76543 4
76546 4
76541 456
76547 47
76542 5
76554 456
76552 45
76553 2356
76556 5
76557 5
76551 5
76555 6
76565 56
76564 2456
76563 35
76562 5
76561 456
76566 5
76567 56
76575 5
76572 5
76574 456
76576 6
76573 5
76577 5
76571 5
76616 4
76617 6
76614 4
76611 6
76615 6
76612 6
76613 6
76622 246
76626 2
76624 4
76625 2
76621 6
76627 2
76623 236
76634 4
76633 36
76637 46
76636 3
76635 6
76631 6
76632 36
76647 34
76644 347
76646 12347
76642 4
76645 4
76641 34
76643 4
76656 1234567
76654 46
76657 56
76651 6
76655 5
76652 3
76653 6
76664 4
76667 3
76666 3
76665 3
76662 3
76663 2
76661 3
76677 6
76676 24
76674 4
76672 3
76675 6
76671 6
76673 2345
76716 6
76715 236
76714 6
76717 7
76713 3
76712 2
76711 4
76724 4
76727 7
76722 2
76725 25
76726 2
76723 3
76721 27
76736 46
76737 7
76734 6
76732 35
76731 34
76735 3
76733 3
76744 34
76746 34
76747 7
76745 47
76742 4
76741 3456
76743 34
76756 56
76752 3
76754 6
76751 4
76757 7
76755 5
76753 3
76761 6
76763 3
76765 56
76764 37
76767 7
76762 46
76766 67
76775 45
76774 4
76772 3
76776 6
76773 2346
76777 4
76771 12467
77117 6
77111 2
77114 4
77116 45
77112 34
77113 34
77115 45
77126 5
77124 245
77127 457
77122 2
77125 6
77123 3
77121 1
77134 3456
77136 3456
77137 4
77131 5
77135 3
77133 3
77132 6
77147 34
77141 45
77145 4
77143 4
77146 4
77142 4
77144 3457
77154 25
77152 4
77157 34
77155 45
77151 34
77153 5
77156 5
77164 4
77162 3
77167 6
77166 6
77163 2
77161 6
77165 5
77174 47
77175 4
77171 47
77176 457
77172 47
77173 47
77177 456
77215 4
77212 4
77214 5
77217 245
77213 4
77211 25
77216 5
77223 4
77224 35
77225 4
77221 4
77227 4
77222 245
77226 5
77234 4
77235 5
77236 2356
77237 6
77233 3
77232 2
77231 6
77247 4
77245 4
77242 12357
77243 4
77241 4
77244 4
77246 4
77251 4
77255 5
77254 12
77252 2
77257 5
77253 135
77256 5
77262 3
77264 3
77263 4
77265 5
77267 3
77261 3
77266 3
77274 37
77273 47
77275 4
77272 7
77277 345
77271 47
77276 47
77315 4
77313 3
77314 5
77316 34
77317 4
77312 4
77311 4
77326 6
77324 4
77323 3
77325 3456
77327 236
77322 2
77321 3
77335 4
77334 2
77331 234
77332 4
77337 4
77333 4
77336 34
77345 345
77347 4
77343 3
77346 4
77342 4
77341 4
77344 4
77354 4
77353 35
77355 5
77357 5
77356 5
77351 5
77352 135
77364 2
77362 4
77365 5
77367 2346
77363 3
77361 2
77366 2345
77373 37
77374 257
77372 47
77375 4
77376 47
77377 4
77371 47
77415 6
77413 5
77416 5
77417 4
77414 4
77412 5
77411 5
77426 5
77424 24
77422 4
77423 4
77425 6
77427 45
77421 245
77436 5
77431 3456
77434 4
77437 36
77433 456
77432 4
77435 6
77442 3
77443 5
77446 5
77445 6
77447 45
77441 46
77444 4
77454 4
77456 4
77453 4
77452 12
77451 25
77457 45
77455 5
77463 2
77462 3
77464 4
77467 4
77461 4
77465 456
77466 4
77477 4
77472 37
77473 257
77476 5
77474 467
77475 6
77471 47
77515 4
77514 6
77513 4
77516 4
77517 4
77512 4
77511 4
77526 4
77522 4
77524 6
77525 5
77523 3456
77521 6
77527 456
77535 5
77533 45
77536 4
77534 6
77532 5
77537 4
77531 3
77545 5
77547 4
77543 345
77544 4
77546 4
77541 4
77542 4
77555 4
77556 4
77553 4
77557 56
77554 6
77552 46
77551 56
77562 5
77565 5
77564 456
77563 5
77566 6
77567 5
77561 5
77575 2467
77572 4
77573 4
77576 4
77574 6
77577 45
77571 4
77616 456
77614 5
77615 4
77613 34
77617 4
77612 5
77611 456
77626 4
77624 5
77625 4
77623 6
77622 4
77627 4
77621 5
77636 4
77634 5
77633 4
77637 4
77635 4
77631 3456
77632 2356
77646 6
77647 34
77645 4
77643 4
77641 4
77642 4
77644 47
77654 4
77655 5
77656 6
77653 5
77651 5
77657 5
77652 5
77665 4
77664 5
77666 456
77661 4
77667 46
77663 4
77662 1245
77674 5
77676 457
77675 4
77673 47
77671 457
77677 46
77672 47
77714 4
77717 4
77715 4
77711 4
77713 4
77716 4
77712 245
77727 4
77726 4
77722 4
77724 45
77721 457
77723 236
77725 456
77737 4
77734 36
77736 4
77733 4
77731 4
77735 4
77732 6
77747 4
77745 4
77746 34
77743 4
77742 4
77741 34
77744 24
77757 45
77755 45
77751 34
77753 5
77754 45
77756 5
77752 5
77766 6
77764 4
77762 3
77767 36
77761 6
77763 2346
77765 5
77773 4
77774 45
77777 3456
77775 456
77772 4
77776 4
77771 24
