1115 4
1114 4
1116 4
1113 3
1117 4
1112 24
1111 4
1121 4
1126 4
1122 246
1125 4
1123 3
1124 4
1127 24
1131 3
1133 34
1135 5
1134 4
1137 4
1136 46
1132 234
1141 4
1145 5
1144 4
1143 6
1142 4
1146 4
1147 34
1151 4
1154 4
1155 4
1157 45
1153 5
1152 24
1156 26
1161 4
1165 2
1162 46
1164 6
1163 4
1166 4
1167 36
1174 4
1173 34
1175 24
1171 4
1177 4
1172 2
1176 4
1214 34
1211 234567
1213 1345
1217 134
1212 124
1215 145
1216 14
1224 4
1225 4
1222 245
1223 24
1221 245
1226 46
1227 4
1233 2345
1234 3
1232 3
1236 3
1231 234
1235 5
1237 1346
1243 2
1245 2
1241 4
1244 4
1242 1
1246 4
1247 2
1254 4
1252 6
1255 56
1256 256
1251 24
1253 5
1257 456
1264 4
1266 5
1262 5
1265 5
1263 345
1261 46
1267 356
1272 4
1274 2
1275 45
1273 345
1277 4
1271 2
1276 12467
1314 15
1315 2
1313 13
1311 3
1316 36
1312 1345
1317 4
1324 4
1325 4
1326 3
1323 2356
1322 3
1321 3
1327 3
1335 4
1333 3
1334 5
1331 3
1332 3
1336 36
1337 3
1343 4
1345 3
1342 2
1344 4
1346 36
1347 1
1341 6
1354 345
1353 235
1355 3
1351 5
1357 5
1356 3
1352 5
1364 4
1366 37
1362 345
1365 5
1363 3
1361 4
1367 3
1374 5
1373 245
1375 246
1376 34
1372 345
1377 46
1371 34
1415 3
1413 15
1414 13
1417 4
1412 34
1411 4
1416 5
1425 3
1426 5
1422 4
1423 4
1427 2
1424 346
1421 4
1434 12346
1433 3
1437 3
1435 3
1432 3
1431 4
1436 6
1446 357
1442 24
1445 6
1443 6
1447 4
1444 4
1441 4
1454 5
1453 345
1455 4
1457 5
1452 4
1456 456
1451 4
1465 4
1462 4
1466 4
1463 4
1464 4
1461 6
1467 6
1473 5
1475 3
1476 6
1472 2
1477 4
1471 4
1474 4
1514 3
1515 146
1513 2
1516 14
1517 14
1511 4
1512 145
1524 3
1526 4
1525 4
1527 4
1523 4
1522 4
1521 4
1534 3
1535 5
1533 45
1531 5
1537 34
1536 34
1532 5
1544 4
1545 25
1543 3
1542 2
1546 6
1541 5
1547 2
1554 3
1555 34
1553 6
1557 45
1556 4
1551 4
1552 5
1564 4
1565 25
1562 5
1566 235
1563 5
1561 2
1567 2
1574 3
1575 346
1573 246
1572 45
1577 45
1571 24
1576 345
1616 1346
1615 14
1614 5
1617 4
1611 4
1613 36
1612 14
1625 4
1624 5
1622 345
1626 345
1623 3
1621 4
1627 4
1633 234
1636 4
1634 6
1637 4
1632 3
1635 34
1631 46
1646 4
1645 6
1643 36
1641 4
1644 4
1642 4
1647 2346
1654 456
1656 2
1655 5
1653 3
1652 256
1651 26
1657 2
1664 3
1663 3
1666 3
1665 4
1662 24
1661 4
1667 4
1676 4
1673 34
1674 6
1675 345
1671 4
1677 6
1672 12467
1714 4
1715 14
1716 4
1711 4
1717 14
1712 134
1713 4
1725 4
1724 2
1722 24
1726 4
1727 24
1723 3
1721 24
1737 4
1733 34
1734 3
1731 4
1736 4
1735 34
1732 1346
1747 3
1745 2
1743 1
1744 4
1741 34
1742 2
1746 2346
1754 5
1757 45
1755 12345
1751 45
1753 5
1752 456
1756 2
1764 6
1765 2
1767 36
1762 356
1761 36
1766 3
1763 3
1774 4
1775 4
1773 3
1772 24
1771 246
1776 4
1777 4
